#YY  MM DD hh mm WDIR WSPD GST  WVHT   DPD   APD MWD   PRES  ATMP  WTMP  DEWP  VIS  TIDE
#yr  mo dy hr mn degT m/s  m/s     m   sec   sec deg    hPa  degC  degC  degC  nmi    ft
2018 02 28 23 50 207  9.6 11.7  0.56  3.23  3.02 206 1013.1   6.3   4.5 999.0 99.0 99.00
2018 03 01 00 50 210  9.1 11.1  0.56  3.23  3.09 220 1012.6   6.3   4.4 999.0 99.0 99.00
2018 03 01 01 50 226  7.3  8.3  0.61  3.33  3.24 206 1013.1   6.1   4.4 999.0 99.0 99.00
2018 03 01 02 50 232  6.5  7.5  0.59  3.13  3.52 218 1012.7   5.7   4.4 999.0 99.0 99.00
2018 03 01 03 50 235  4.7  5.4  0.50  3.03  3.61 237 1012.4   5.4   4.4 999.0 99.0 99.00
2018 03 01 04 50 242  4.4  5.1  0.38 16.00  3.54  77 1012.4   5.5   4.4 999.0 99.0 99.00
2018 03 01 05 50 227  3.5  4.3  0.32 17.39  3.68  83 1011.9   5.4   4.7 999.0 99.0 99.00
2018 03 01 06 50 233  1.6  2.0  0.28 16.00  4.08  88 1011.6   5.2   4.9 999.0 99.0 99.00
2018 03 01 07 50 219  5.2  5.9  0.27 17.39  5.15 129 1011.1   5.3   4.9 999.0 99.0 99.00
2018 03 01 08 50 215  4.6  5.2  0.26 17.39  5.02 135 1010.7   5.4   5.0 999.0 99.0 99.00
2018 03 01 09 50 216  4.1  4.6  0.26 16.00  4.57  27 1010.6   5.3   4.9 999.0 99.0 99.00
2018 03 01 10 50 217  4.7  5.2  0.27 14.81  3.69 239 1010.4   5.2   4.7 999.0 99.0 99.00
2018 03 01 11 50 221  5.1  5.5  0.26  5.26  3.90  95 1010.7   5.3   4.6 999.0 99.0 99.00
2018 03 01 12 50 242  3.7  4.1  0.26 14.81  4.04 356 1011.3   5.7   4.4 999.0 99.0 99.00
2018 03 01 13 50 234  2.9  3.4  0.30 12.90  4.54 357 1011.0   5.4   4.5 999.0 99.0 99.00
2018 03 01 14 50 237  3.2  4.1  0.40 13.79  4.74  75 1011.2   5.1   4.5 999.0 99.0 99.00
2018 03 01 15 50 228  3.5  4.1  0.37 13.79  4.56  74 1010.9   5.4   4.6 999.0 99.0 99.00
2018 03 01 16 50 228  2.9  3.5  0.28 16.00  4.64  98 1011.3   5.6   4.7 999.0 99.0 99.00
2018 03 01 17 50 232  2.0  2.3  0.23 99.00  4.98 999 1010.7   5.8   5.1 999.0 99.0 99.00
2018 03 01 18 50 245  1.1  1.4  0.18 99.00  5.19 999 1010.5   6.1   5.4 999.0 99.0 99.00
2018 03 01 19 50  31  1.9  2.3  0.19 99.00  6.51 999 1010.4   5.9   5.4 999.0 99.0 99.00
2018 03 01 20 50  46  5.3  6.1  0.19 99.00  5.80 999 1010.5   6.2   5.4 999.0 99.0 99.00
2018 03 01 21 50  54  5.5  6.2  0.25 99.00  3.66 999 1009.8   6.5   5.3 999.0 99.0 99.00
2018 03 01 22 50  60  6.2  7.2  0.31  2.94  3.30  52 1009.0   5.4   5.2 999.0 99.0 99.00
2018 03 01 23 50  49  7.0  8.6  0.41  3.23  3.36  63 1008.6   5.4   5.1 999.0 99.0 99.00
2018 03 02 00 50  38  9.1 11.4  0.55  3.57  3.61  67 1006.9   5.1   4.9 999.0 99.0 99.00
2018 03 02 01 50  53  8.8 10.4  0.68  4.00  3.65  83 1006.8   4.8   4.7 999.0 99.0 99.00
2018 03 02 02 50  51  9.3 11.1  0.84  4.00  3.82  63 1005.8   4.8   4.6 999.0 99.0 99.00
2018 03 02 03 50  58  9.0 10.4  0.92  4.00  3.73  60 1004.9   4.9   4.6 999.0 99.0 99.00
2018 03 02 04 50  38 10.0 11.7  0.87  3.70  3.50  55 1003.8   5.0   4.7 999.0 99.0 99.00
2018 03 02 05 50  33 11.0 12.7  0.97  3.70  3.41  40 1001.7   5.2   4.9 999.0 99.0 99.00
2018 03 02 06 50  33 12.0 14.6  1.06  4.00  3.58  29  998.8   5.0   5.2 999.0 99.0 99.00
2018 03 02 07 50  33 12.1 14.1  1.18  4.17  3.80  35  997.0   5.0   5.2 999.0 99.0 99.00
2018 03 02 08 50  32 13.3 15.9  1.33  4.35  3.94  32  993.9   5.3   5.2 999.0 99.0 99.00
2018 03 02 09 50  38 12.2 14.7  1.27  4.76  3.93  37  992.8   5.7   5.2 999.0 99.0 99.00
2018 03 02 10 50  43 13.2 15.5  1.36  4.55  4.16  38  991.2   6.2   5.2 999.0 99.0 99.00
2018 03 02 11 50  35 12.9 15.1  1.49  5.00  4.46  50  989.5   6.3   5.3 999.0 99.0 99.00
2018 03 02 12 50  39 14.7 18.3  1.53  4.76  4.47  45  987.5   6.9   5.2 999.0 99.0 99.00
2018 03 02 13 50  36 15.0 18.6  1.68  5.26  4.71  38  985.3   7.0   5.1 999.0 99.0 99.00
2018 03 02 14 50  40 16.3 19.7  1.67  5.00  4.51  33  983.0   7.4   4.9 999.0 99.0 99.00
2018 03 02 15 50  38 18.3 22.2  2.22  5.26  4.70  32  980.7   7.3   5.1 999.0 99.0 99.00
2018 03 02 16 50  40 18.7 22.7  2.29  5.56  4.77  34  979.7   7.2   5.3 999.0 99.0 99.00
2018 03 02 17 50  38 18.4 23.2  2.52  5.26  4.84  37  979.5   6.8   5.4 999.0 99.0 99.00
2018 03 02 18 50  37 20.2 24.9  2.62  5.26  4.80  46  979.5   6.9   5.4 999.0 99.0 99.00
2018 03 02 19 50  32 16.2 19.2  2.60  5.26  4.79  42  983.1   6.5   5.1 999.0 99.0 99.00
2018 03 02 20 50  26 20.9 26.3  2.10  5.26  4.50  38  982.5   5.9   5.0 999.0 99.0 99.00
2018 03 02 21 50  20 20.4 25.2  2.70  5.56  5.06  39  983.7   5.1   4.9 999.0 99.0 99.00
2018 03 02 22 50  17 21.9 28.2  2.79  5.88  5.12  24  984.3   4.0   4.8 999.0 99.0 99.00
2018 03 02 23 50  19 22.1 27.2  3.18  6.25  5.46  32  986.2   3.6   4.8 999.0 99.0 99.00
2018 03 03 00 50  28 20.6 26.7  3.00  6.67  5.36  35  989.6   4.0   4.8 999.0 99.0 99.00
2018 03 03 01 50  26 21.6 27.3  2.65  5.00  5.06  34  991.7   4.2   4.8 999.0 99.0 99.00
2018 03 03 02 50  23 19.5 24.0  2.54  5.88  4.98  45  993.7   4.0   4.7 999.0 99.0 99.00
2018 03 03 03 50  17 17.0 21.4  2.36  5.56  4.76  44  995.6   3.4   4.7 999.0 99.0 99.00
2018 03 03 04 50  12 18.5 22.5  2.24  5.00  4.68  44  995.7   3.4   4.9 999.0 99.0 99.00
2018 03 03 05 50   7 17.8 22.7  2.57  5.26  4.90  41  996.8   2.8   4.7 999.0 99.0 99.00
2018 03 03 06 50   7 18.4 23.0  2.46  5.26  4.83  35  997.7   2.5   4.7 999.0 99.0 99.00
2018 03 03 07 50   5 17.2 21.3  2.51  5.56  4.98  31  998.6   2.8   4.7 999.0 99.0 99.00
2018 03 03 08 50   3 17.3 22.5  2.38  5.56  4.92  25  999.5   3.8   4.7 999.0 99.0 99.00
2018 03 03 09 50   5 16.9 20.0  1.88  5.56  4.59  21 1000.6   4.0   4.7 999.0 99.0 99.00
2018 03 03 10 50   7 17.9 23.2  2.04  5.26  4.69  20 1001.1   4.6   4.8 999.0 99.0 99.00
2018 03 03 11 50   7 15.9 20.4  2.22  5.56  4.89  23 1003.0   4.3   4.8 999.0 99.0 99.00
2018 03 03 12 50  12 15.0 19.2  1.91  5.56  4.75  18 1004.1   5.1   4.9 999.0 99.0 99.00
2018 03 03 13 50   8 16.1 20.4  1.98  5.26  4.77  28 1005.3   4.6   4.9 999.0 99.0 99.00
2018 03 03 14 50  12 15.7 19.3  1.96  5.56  4.90  35 1005.9   4.8   4.9 999.0 99.0 99.00
2018 03 03 15 50  16 17.2 22.1  2.13  5.56  4.81  29 1006.4   4.4   4.8 999.0 99.0 99.00
2018 03 03 16 50  13 17.1 21.6  2.20  5.56  4.83  32 1006.9   4.1   4.9 999.0 99.0 99.00
2018 03 03 17 50  11 16.3 21.4  2.05  5.26  4.61  36 1007.5   3.8   4.8 999.0 99.0 99.00
2018 03 03 18 50   4 16.6 20.7  2.14  5.56  4.76  39 1008.5   3.6   4.7 999.0 99.0 99.00
2018 03 03 19 50   5 16.5 21.2  2.12  5.26  4.76  27 1009.2   4.2   4.7 999.0 99.0 99.00
2018 03 03 20 50   9 16.5 22.1  2.11  5.00  4.62  32 1009.9   4.5   4.7 999.0 99.0 99.00
2018 03 03 21 50   7 16.5 19.8  1.86  5.26  4.51  23 1010.4   4.6   4.5 999.0 99.0 99.00
2018 03 03 22 50 360 15.7 18.8  1.76  5.00  4.45  16 1011.2   4.4   4.5 999.0 99.0 99.00
2018 03 03 23 50   1 14.2 18.1  1.76  4.76  4.49  19 1011.9   4.7   4.5 999.0 99.0 99.00
2018 03 04 00 50   5 14.9 17.7  1.70  5.26  4.72  25 1012.1   4.8   4.5 999.0 99.0 99.00
2018 03 04 01 50   4 13.8 17.7  1.63  5.00  4.58  21 1012.5   4.5   4.6 999.0 99.0 99.00
2018 03 04 02 50  10 14.1 16.7  1.55  5.26  4.54  25 1012.3   4.7   4.7 999.0 99.0 99.00
2018 03 04 03 50  12 13.4 17.2  1.64  5.00  4.64  32 1012.4   4.7   4.7 999.0 99.0 99.00
2018 03 04 04 50  10 13.1 16.7  1.60  5.00  4.43  33 1012.4   4.6   4.7 999.0 99.0 99.00
2018 03 04 05 50   7 12.8 15.9  1.68  4.55  4.47  34 1012.7   4.6   4.7 999.0 99.0 99.00
2018 03 04 06 50   9 11.7 14.7  1.50  4.35  4.29  33 1012.7   4.6   4.6 999.0 99.0 99.00
2018 03 04 07 50   6 13.4 16.5  1.57  4.00  4.42  34 1012.5   4.2   4.4 999.0 99.0 99.00
2018 03 04 08 50   5 11.8 15.4  1.56  4.55  4.45  23 1012.9   3.8   4.5 999.0 99.0 99.00
2018 03 04 09 50   6 12.3 16.2  1.56  4.35  4.36  32 1013.1   3.3   4.5 999.0 99.0 99.00
2018 03 04 10 50   1 11.9 14.3  1.39  4.55  4.21  31 1013.8   3.6   4.5 999.0 99.0 99.00
2018 03 04 11 50   6 12.5 14.7  1.27  4.35  4.01  27 1014.2   3.1   4.5 999.0 99.0 99.00
2018 03 04 12 50   7 11.8 14.5  1.29  4.76  4.21  33 1014.4   3.4   4.5 999.0 99.0 99.00
2018 03 04 13 50  17 11.9 14.3  1.24  4.55  4.27  33 1014.2   3.1   4.5 999.0 99.0 99.00
2018 03 04 14 50   7 10.2 13.0  1.31  4.76  4.31  28 1014.4   3.0   4.5 999.0 99.0 99.00
2018 03 04 15 50  12 11.9 14.3  1.27  4.55  4.20  33 1014.3   2.8   4.5 999.0 99.0 99.00
2018 03 04 16 50   2 10.1 13.2  1.27  4.17  4.16  26 1014.1   2.9   4.5 999.0 99.0 99.00
2018 03 04 17 50   1 11.0 13.2  1.36  4.00  4.23  15 1013.6   3.0   4.5 999.0 99.0 99.00
2018 03 04 18 50   1 11.5 13.6  1.40  4.17  4.32  31 1013.3   3.2   4.5 999.0 99.0 99.00
2018 03 04 19 50  13 10.3 12.3  1.47  4.17  4.24  15 1013.5   2.7   4.5 999.0 99.0 99.00
2018 03 04 20 50 347 10.4 12.4  1.45  4.00  4.28  19 1013.8   2.3   4.5 999.0 99.0 99.00
2018 03 04 21 50  19 10.6 13.0  1.24  4.17  4.15  16 1013.4   3.1   4.5 999.0 99.0 99.00
2018 03 04 22 50  19  9.8 11.7  1.25  4.35  4.07  44 1013.6   3.1   4.5 999.0 99.0 99.00
2018 03 04 23 50  10  9.7 11.7  1.10  4.17  4.00  24 1013.8   3.1   4.4 999.0 99.0 99.00
2018 03 05 00 50   3  9.1 10.8  0.88  4.00  3.97  34 1013.7   3.0   4.4 999.0 99.0 99.00
2018 03 05 01 50   2 10.6 12.9  0.79  3.85  3.87  49 1013.3   3.1   4.4 999.0 99.0 99.00
2018 03 05 02 50 356  9.4 11.4  0.90  4.00  3.87  36 1012.8   3.1   4.5 999.0 99.0 99.00
2018 03 05 03 50 355 11.5 14.0  0.94  4.00  3.88  36 1011.8   2.6   4.5 999.0 99.0 99.00
2018 03 05 04 50 350 10.7 12.7  1.12  4.17  4.08  36 1011.3   1.9   4.4 999.0 99.0 99.00
2018 03 05 05 50 354 12.4 15.5  1.40  3.85  4.08  22 1010.4   2.2   4.4 999.0 99.0 99.00
2018 03 05 06 50 355 12.7 15.0  1.50  4.55  4.22  17 1009.6   1.8   4.4 999.0 99.0 99.00
2018 03 05 07 50 357 11.6 14.3  1.56  4.55  4.31  11 1009.3   1.7   4.4 999.0 99.0 99.00
2018 03 05 08 50   1 11.1 13.9  1.50  4.55  4.38   3 1009.2   1.6   4.4 999.0 99.0 99.00
2018 03 05 09 50 358 11.4 13.6  1.42  4.55  4.24   3 1009.0   1.7   4.3 999.0 99.0 99.00
2018 03 05 10 50   6 11.9 14.4  1.43  4.55  4.27  12 1009.1   2.6   4.3 999.0 99.0 99.00
2018 03 05 11 50   7 13.2 15.8  1.50  4.76  4.23  23 1009.4   3.1   4.3 999.0 99.0 99.00
2018 03 05 12 50   8 11.8 15.3  1.38  4.35  4.23  22 1009.8   2.8   4.4 999.0 99.0 99.00
2018 03 05 13 50  16 13.6 17.5  1.42  4.76  4.38  34 1009.8   3.3   4.4 999.0 99.0 99.00
2018 03 05 14 50  12 14.2 17.5  1.51  5.00  4.44  38 1009.5   3.5   4.4 999.0 99.0 99.00
2018 03 05 15 50  14 15.2 18.6  1.61  5.26  4.58  30 1009.9   3.7   4.3 999.0 99.0 99.00
2018 03 05 16 50  12 14.8 17.6  1.79  5.26  4.65  35 1010.1   3.7   4.4 999.0 99.0 99.00
2018 03 05 17 50  17 14.2 18.2  1.73  5.26  4.58  33 1010.5   3.7   4.4 999.0 99.0 99.00
2018 03 05 18 50  12 14.1 17.7  1.73  5.00  4.46  33 1010.7   3.8   4.4 999.0 99.0 99.00
2018 03 05 19 50   9 14.2 17.3  1.70  5.00  4.35  26 1011.3   3.9   4.4 999.0 99.0 99.00
2018 03 05 20 50   8 14.4 17.3  1.82  5.26  4.55  28 1011.9   4.0   4.3 999.0 99.0 99.00
2018 03 05 21 50  10 12.6 16.1  1.79  5.00  4.49  17 1012.7   3.9   4.3 999.0 99.0 99.00
2018 03 05 22 50   7 12.9 15.8  1.76  5.00  4.42  23 1013.0   4.0   4.3 999.0 99.0 99.00
2018 03 05 23 50  14 12.2 16.2  1.46  4.76  4.16  27 1013.4   4.2   4.3 999.0 99.0 99.00
2018 03 06 00 50  12 11.7 13.7  1.30  4.35  4.28  33 1013.8   4.3   4.2 999.0 99.0 99.00
2018 03 06 01 50  15 10.6 14.1  1.16  5.00  4.14  67 1014.0   4.3   4.3 999.0 99.0 99.00
2018 03 06 02 50  21 12.4 15.5  1.28  4.76  4.29  49 1013.4   3.9   4.3 999.0 99.0 99.00
2018 03 06 03 50  17 12.1 14.7  1.18  4.55  4.34  37 1013.3   3.7   4.3 999.0 99.0 99.00
2018 03 06 04 50  20 11.9 15.3  1.19  4.55  4.33  35 1013.2   3.5   4.4 999.0 99.0 99.00
2018 03 06 05 50  17  9.7 12.0  1.11  4.35  4.21  42 1013.8   3.1   4.4 999.0 99.0 99.00
2018 03 06 06 50  11  9.9 12.0  1.12  3.85  4.28  46 1013.4   3.1   4.4 999.0 99.0 99.00
2018 03 06 07 50  12  9.7 11.6  1.18  3.70  4.19  38 1013.3   2.9   4.3 999.0 99.0 99.00
2018 03 06 08 50   7 10.3 12.9  1.21  3.85  4.34  42 1013.6   2.2   4.2 999.0 99.0 99.00
2018 03 06 09 50  15 10.1 12.5  1.30  3.70  4.16  38 1013.7   1.5   4.2 999.0 99.0 99.00
2018 03 06 10 50  16  9.9 12.9  1.22  3.70  4.14  37 1014.4   1.7   4.0 999.0 99.0 99.00
2018 03 06 11 50   3  9.7 11.4  1.19  3.85  4.21  35 1015.2   1.7   4.0 999.0 99.0 99.00
2018 03 06 12 50 360  9.7 12.0  0.94  3.85  3.95  35 1015.6   1.7   4.0 999.0 99.0 99.00
2018 03 06 13 50   3  8.6 10.2  0.87  3.70  3.81  32 1016.4   1.5   4.0 999.0 99.0 99.00
2018 03 06 14 50 352  9.8 12.0  0.80  3.70  3.74  38 1016.0   1.7   4.1 999.0 99.0 99.00
2018 03 06 15 50 360  9.6 11.8  0.84  3.70  3.79  13 1016.2   1.9   4.2 999.0 99.0 99.00
2018 03 06 16 50 348  9.2 11.7  0.88  3.85  3.77  23 1016.0   2.1   4.3 999.0 99.0 99.00
2018 03 06 17 50 341  9.0 10.8  0.86  3.85  3.81  23 1015.5   2.1   4.4 999.0 99.0 99.00
2018 03 06 18 50 341  8.7 10.6  0.90  3.70  3.81  15 1015.3   1.8   4.4 999.0 99.0 99.00
2018 03 06 19 50 345  8.9 10.1  1.05  3.70  4.02   1 1015.3   2.1   4.4 999.0 99.0 99.00
2018 03 06 20 50 359  7.5  9.0  1.10  3.70  4.10  20 1015.4   2.3   4.4 999.0 99.0 99.00
2018 03 06 21 50  11  6.9  8.3  1.09  4.17  4.05  75 1015.9   2.7   4.2 999.0 99.0 99.00
2018 03 06 22 50  17  5.9  7.1  0.98  4.17  4.12  74 1016.6   2.4   4.1 999.0 99.0 99.00
2018 03 06 23 50  20  6.4  7.5  0.91  5.26  4.06  89 1016.7   2.4   3.9 999.0 99.0 99.00
2018 03 07 00 50  19  6.4  7.7  0.77  4.17  3.93  79 1016.7   2.2   3.9 999.0 99.0 99.00
2018 03 07 01 50  22  7.3  8.3  0.65  5.00  3.95  88 1016.3   2.1   3.9 999.0 99.0 99.00
2018 03 07 02 50  25  5.7  7.2  0.60  3.23  3.78  46 1016.6   2.3   4.0 999.0 99.0 99.00
2018 03 07 03 50 341  3.2  4.1  0.62  5.26  4.23  86 1017.1   1.7   4.1 999.0 99.0 99.00
2018 03 07 04 50  13  4.9  6.0  0.53  4.76  4.52  83 1016.6   2.2   4.2 999.0 99.0 99.00
2018 03 07 05 50  44  7.8  9.2  0.59  5.00  4.21  84 1015.6   2.2   4.2 999.0 99.0 99.00
2018 03 07 06 50  45  7.5  8.5  0.72  4.55  4.16  87 1015.0   2.4   4.3 999.0 99.0 99.00
2018 03 07 07 50  48  7.0  7.9  0.90  4.35  4.06  82 1014.8   2.2   4.3 999.0 99.0 99.00
2018 03 07 08 50  35  5.0  5.7  0.91  4.76  4.22  83 1015.4   2.6   4.3 999.0 99.0 99.00
2018 03 07 09 50  35  6.7  7.8  0.89  5.00  4.46  85 1014.9   2.8   4.1 999.0 99.0 99.00
2018 03 07 10 50  66  6.9  7.7  0.91  4.55  4.27  78 1014.5   2.9   3.9 999.0 99.0 99.00
2018 03 07 11 50  60  9.8 11.5  0.88  4.55  3.91  78 1011.6   3.0   3.9 999.0 99.0 99.00
2018 03 07 12 50  87  5.9  7.4  0.75  4.76  3.96  80 1014.3   2.8   3.8 999.0 99.0 99.00
2018 03 07 13 50  79  7.4  9.0  0.64  4.35  3.91  82 1013.1   3.5   3.9 999.0 99.0 99.00
2018 03 07 14 50  74  8.0  9.3  0.69  4.55  3.82  80 1012.2   3.3   3.9 999.0 99.0 99.00
2018 03 07 15 50  81  7.6  9.0  0.64  4.55  3.96  78 1011.8   3.4   4.0 999.0 99.0 99.00
2018 03 07 16 50  80  8.6 10.2  0.72  4.17  4.08  88 1010.7   3.7   4.1 999.0 99.0 99.00
2018 03 07 17 50  73 10.8 13.0  0.88  4.76  4.16  81 1008.2   3.8   4.2 999.0 99.0 99.00
2018 03 07 18 50  69 11.2 14.5  1.08  5.00  4.29  87 1006.2   3.9   4.3 999.0 99.0 99.00
2018 03 07 19 50  64 12.2 14.8  1.22  4.76  4.24  76 1004.6   3.8   4.3 999.0 99.0 99.00
2018 03 07 20 50  65 13.9 16.8  1.38  5.00  4.19  72 1002.2   4.0   4.3 999.0 99.0 99.00
2018 03 07 21 50  63 14.1 16.4  1.54  5.00  4.19  75 1000.0   4.2   4.1 999.0 99.0 99.00
2018 03 07 22 50  62 15.5 18.8  1.75  5.00  4.26  76  997.8   4.5   3.9 999.0 99.0 99.00
2018 03 07 23 50  54 15.0 17.7  1.64  4.76  4.26  65  995.9   4.6   3.9 999.0 99.0 99.00
2018 03 08 00 50  60 14.5 18.2  1.64  4.55  4.34  51  994.4   5.2   3.9 999.0 99.0 99.00
2018 03 08 01 50  63 17.9 23.2  1.81  5.00  4.49  66  991.3   5.5   3.9 999.0 99.0 99.00
2018 03 08 02 50  61 14.7 18.5  1.56  4.55  4.40  48  990.2   5.7   4.0 999.0 99.0 99.00
2018 03 08 03 50  70 10.8 13.4  1.58  5.26  4.58  69  990.0   6.0   4.0 999.0 99.0 99.00
2018 03 08 04 50  87  5.0  8.2  1.24  5.26  4.53  62  990.2   6.0   4.0 999.0 99.0 99.00
2018 03 08 05 50 120  1.1  1.6  0.89  4.55  4.30  55  989.9   5.3   4.0 999.0 99.0 99.00
2018 03 08 06 50 335  2.3  2.8  0.72  9.09  4.36  75  989.5   4.9   4.0 999.0 99.0 99.00
2018 03 08 07 50   1  5.4  6.3  0.86 10.00  4.79  91  989.1   4.7   4.0 999.0 99.0 99.00
2018 03 08 08 50 331  9.6 12.4  0.97 10.00  4.56  92  989.9   4.2   4.0 999.0 99.0 99.00
2018 03 08 09 50 329 13.7 17.0  1.28  4.00  4.16 333  990.5   2.7   4.0 999.0 99.0 99.00
2018 03 08 10 50 321 14.7 17.8  1.70  5.26  4.78 331  991.8   2.4   4.0 999.0 99.0 99.00
2018 03 08 11 50 316 15.5 18.5  1.72  5.56  4.84 326  993.4   1.6   4.1 999.0 99.0 99.00
2018 03 08 12 50 315 13.0 16.1  1.94  5.26  4.85 323  995.9   1.1   4.1 999.0 99.0 99.00
2018 03 08 13 50 303 12.1 14.4  1.55  5.00  4.53 315  998.2   0.7   4.1 999.0 99.0 99.00
2018 03 08 14 50 304 11.3 13.3  1.35  4.55  4.14 307  999.4   0.9   4.1 999.0 99.0 99.00
2018 03 08 15 50 303 10.7 13.2  1.09  4.17  3.81 311 1000.3   1.1   4.2 999.0 99.0 99.00
2018 03 08 16 50 295  8.8 10.8  0.89  3.57  3.56 300 1001.0   1.5   4.1 999.0 99.0 99.00
2018 03 08 17 50 286  9.1 10.4  0.73  3.57  3.44 298 1001.0   2.0   4.1 999.0 99.0 99.00
2018 03 08 18 50 284  8.8 10.4  0.69  3.45  3.39 286 1001.2   2.6   4.0 999.0 99.0 99.00
2018 03 08 19 50 275  7.3  8.4  0.71  3.45  3.36 281 1001.7   3.0   4.0 999.0 99.0 99.00
2018 03 08 20 50 269  7.6  8.8  0.66  3.13  3.57 280 1001.8   3.3   4.0 999.0 99.0 99.00
2018 03 08 21 50 255  8.3 10.3  0.69  3.33  3.91 260 1002.2   3.6   4.0 999.0 99.0 99.00
2018 03 08 22 50 256  8.4 10.0  0.76  3.57  3.97 263 1002.7   3.8   4.0 999.0 99.0 99.00
2018 03 08 23 50 265  7.9  9.6  0.73  3.85  3.98 273 1003.2   3.8   4.1 999.0 99.0 99.00
2018 03 09 00 50 262  7.9 10.1  0.73  3.70  3.92 273 1003.6   3.6   4.2 999.0 99.0 99.00
2018 03 09 01 50 258  6.5  7.8  0.67  3.85  3.82 280 1003.6   3.4   4.1 999.0 99.0 99.00
2018 03 09 02 50 267  6.7  8.2  0.55  3.45  3.58 272 1003.5   3.4   4.1 999.0 99.0 99.00
2018 03 09 03 50 283  7.7  9.5  0.49  3.70  3.37 282 1003.0   3.1   4.1 999.0 99.0 99.00
2018 03 09 04 50 284  7.6  8.8  0.57  3.57  3.36 288 1003.0   2.6   4.0 999.0 99.0 99.00
2018 03 09 05 50 279  7.0  8.5  0.63  3.57  3.42 286 1003.0   2.4   3.9 999.0 99.0 99.00
2018 03 09 06 50 270  6.5  8.2  0.52  3.33  3.35 281 1002.9   2.1   3.9 999.0 99.0 99.00
2018 03 09 07 50 269  6.7  8.0  0.52 12.12  3.40 236 1002.9   1.8   4.0 999.0 99.0 99.00
2018 03 09 08 50 287  6.9  8.1  0.54 12.12  3.59  67 1002.7   1.5   3.9 999.0 99.0 99.00
2018 03 09 09 50 271  6.1  7.4  0.54 12.90  3.79  67 1003.5   1.2   3.9 999.0 99.0 99.00
2018 03 09 10 50 283  6.2  7.4  0.60 12.90  4.16  27 1003.3   1.0   3.8 999.0 99.0 99.00
2018 03 09 11 50 289  4.3  5.5  0.55 12.12  4.19  86 1003.7   1.0   3.8 999.0 99.0 99.00
2018 03 09 12 50 267  5.5  7.2  0.48 12.12  4.10 172 1004.1   0.1   3.9 999.0 99.0 99.00
2018 03 09 13 50 278  7.4  9.7  0.49  3.33  3.76 282 1004.0   0.9   4.0 999.0 99.0 99.00
2018 03 09 14 50 265  6.5  8.2  0.58  3.45  3.52 285 1004.1   1.2   4.0 999.0 99.0 99.00
2018 03 09 15 50 248  8.9 10.5  0.57  3.33  3.46 275 1003.7   1.4   4.1 999.0 99.0 99.00
2018 03 09 16 50 261 10.4 14.0  0.74  3.85  3.34 267 1003.4   0.3   4.1 999.0 99.0 99.00
2018 03 09 17 50 249 11.3 13.2  0.89  3.57  3.43 268 1002.8   1.5   4.1 999.0 99.0 99.00
2018 03 09 18 50 262  9.8 12.7  0.84  3.70  3.36 275 1002.7   2.0   4.0 999.0 99.0 99.00
2018 03 09 19 50 269  9.0 10.9  0.81  3.57  3.46 261 1003.0   2.5   4.0 999.0 99.0 99.00
2018 03 09 20 50 272 10.2 11.7  0.86  4.00  3.49 265 1003.4   2.9   4.0 999.0 99.0 99.00
2018 03 09 21 50 268 10.2 11.9  0.87  3.70  3.61 272 1004.0   2.8   4.1 999.0 99.0 99.00
2018 03 09 22 50 266  9.9 12.2  0.96  4.17  3.96 266 1004.4   2.8   4.0 999.0 99.0 99.00
2018 03 09 23 50 258  9.9 12.1  0.87  4.55  3.94 270 1005.1   2.9   3.9 999.0 99.0 99.00
2018 03 10 00 50 265  9.9 11.5  0.88  4.35  4.05 275 1005.5   3.1   4.0 999.0 99.0 99.00
2018 03 10 01 50 261  8.1  9.8  0.80  4.17  4.00 280 1005.9   3.2   4.0 999.0 99.0 99.00
2018 03 10 02 50 271 10.7 12.7  0.76  4.00  3.65 285 1005.8   3.5   4.0 999.0 99.0 99.00
2018 03 10 03 50 277 10.5 13.8  0.86  3.85  3.66 284 1005.9   3.4   4.0 999.0 99.0 99.00
2018 03 10 04 50 273 10.6 12.7  0.89  4.17  3.56 281 1006.0   3.2   4.0 999.0 99.0 99.00
2018 03 10 05 50 279 11.4 13.2  0.98  4.00  3.59 288 1006.2   2.9   3.9 999.0 99.0 99.00
2018 03 10 06 50 281 12.5 15.5  0.95  4.17  3.44 289 1006.2   2.6   3.9 999.0 99.0 99.00
2018 03 10 07 50 274 11.3 13.5  1.00  3.57  3.45 287 1006.3   2.6   3.9 999.0 99.0 99.00
2018 03 10 08 50 276 11.2 14.1  0.95  3.70  3.56 281 1006.4   2.3   3.9 999.0 99.0 99.00
2018 03 10 09 50 280 11.3 13.9  1.00  3.85  3.63 290 1006.8   2.0   3.9 999.0 99.0 99.00
2018 03 10 10 50 283 11.1 13.5  1.01  4.35  3.86 284 1007.1   1.8   3.9 999.0 99.0 99.00
2018 03 10 11 50 285 11.4 13.8  0.98  4.55  4.03 279 1007.4   2.0   3.8 999.0 99.0 99.00
2018 03 10 12 50 280 10.7 12.8  1.00  4.35  4.05 283 1008.0   2.0   3.8 999.0 99.0 99.00
2018 03 10 13 50 279 11.2 14.0  1.00  4.76  4.12 279 1008.1   1.9   3.9 999.0 99.0 99.00
2018 03 10 14 50 273 11.0 13.2  1.10  4.55  4.09 284 1008.2   2.2   3.9 999.0 99.0 99.00
2018 03 10 15 50 271 10.3 12.4  1.00  4.76  3.90 286 1008.0   2.4   4.0 999.0 99.0 99.00
2018 03 10 16 50 282  9.8 11.2  0.89  4.00  3.57 288 1007.8   2.7   4.0 999.0 99.0 99.00
2018 03 10 17 50 282  9.3 11.2  0.79  3.85  3.50 282 1007.3   3.0   4.0 999.0 99.0 99.00
2018 03 10 18 50 274 10.5 12.7  0.80  3.45  3.35 278 1006.9   3.6   4.0 999.0 99.0 99.00
2018 03 10 19 50 275 10.3 12.9  0.80  3.85  3.29 285 1006.8   3.7   4.0 999.0 99.0 99.00
2018 03 10 20 50 279 10.8 12.8  0.91  3.85  3.42 277 1007.0   3.8   4.0 999.0 99.0 99.00
2018 03 10 21 50 284 10.7 12.8  0.89  3.85  3.45 286 1007.8   3.8   4.1 999.0 99.0 99.00
2018 03 10 22 50 283 10.6 12.2  0.86  4.17  3.57 295 1008.6   3.8   4.1 999.0 99.0 99.00
2018 03 10 23 50 277 10.5 12.9  0.82  4.00  3.63 286 1009.6   3.7   4.0 999.0 99.0 99.00
2018 03 11 00 50 279 10.6 12.6  0.84  4.55  3.86 288 1010.5   3.4   3.9 999.0 99.0 99.00
2018 03 11 01 50 277 10.2 13.0  0.87  4.17  3.89 281 1011.2   3.2   3.8 999.0 99.0 99.00
2018 03 11 02 50 285 11.8 15.1  1.03  4.55  4.01 283 1011.3   2.8   3.8 999.0 99.0 99.00
2018 03 11 03 50 289 11.0 13.4  1.12  4.76  4.17 282 1011.6   2.5   3.8 999.0 99.0 99.00
2018 03 11 04 50 287 11.3 13.7  1.01  4.35  3.91 289 1011.7   2.2   3.8 999.0 99.0 99.00
2018 03 11 05 50 290 11.1 13.1  0.98  4.17  3.79 280 1011.7   1.9   3.8 999.0 99.0 99.00
2018 03 11 06 50 291 11.1 13.1  0.79  4.00  3.42 288 1011.7   1.6   3.8 999.0 99.0 99.00
2018 03 11 07 50 294 10.2 12.3  0.76  3.85  3.32 291 1011.5   1.4   3.8 999.0 99.0 99.00
2018 03 11 08 50 293  9.6 11.6  0.76  3.57  3.34 292 1012.2   1.2   3.8 999.0 99.0 99.00
2018 03 11 09 50 293  9.5 11.2  0.79  3.70  3.35 291 1012.9   1.0   3.9 999.0 99.0 99.00
2018 03 11 10 50 294  8.7 10.1  0.75  3.70  3.41 291 1013.4   0.9   3.8 999.0 99.0 99.00
2018 03 11 11 50 298  9.6 11.2  0.69  3.85  3.52 286 1013.7   1.3   3.8 999.0 99.0 99.00
2018 03 11 12 50 295  9.0 10.5  0.60  4.00  3.63 276 1014.1   1.4   3.7 999.0 99.0 99.00
2018 03 11 13 50 295  7.0  8.4  0.71  4.17  3.74 281 1014.5   1.6   3.7 999.0 99.0 99.00
2018 03 11 14 50 287  5.4  6.9  0.60  4.00  3.66 271 1015.0   1.9   3.8 999.0 99.0 99.00
2018 03 11 15 50 272  5.1  6.2  0.43  4.00  3.59 278 1015.5   2.1   3.9 999.0 99.0 99.00
2018 03 11 16 50 263  6.1  7.2  0.42  3.45  3.27 275 1015.4   2.5   4.0 999.0 99.0 99.00
2018 03 11 17 50 261  6.0  7.0  0.42  3.33  3.10 279 1014.9   3.2   4.0 999.0 99.0 99.00
2018 03 11 18 50 251  4.8  6.3  0.33  3.23  3.12 276 1015.1   3.5   4.1 999.0 99.0 99.00
2018 03 11 19 50 245  6.1  6.9  0.45  2.74  2.84 259 1015.0   3.0   4.0 999.0 99.0 99.00
2018 03 11 20 50 252  5.7  6.7  0.42  2.94  2.87 250 1015.1   3.6   4.1 999.0 99.0 99.00
2018 03 11 21 50 252  5.1  6.0  0.40  2.86  3.09 255 1015.7   3.8   4.0 999.0 99.0 99.00
2018 03 11 22 50 254  3.4  5.6  0.33  2.86  3.04 257 1016.7   3.8   4.0 999.0 99.0 99.00
2018 03 11 23 50 249  4.7  6.0  0.31  5.56  3.70  94 1017.5   3.7   4.0 999.0 99.0 99.00
2018 03 12 00 50 243  5.2  6.0  0.28  5.56  3.47  95 1017.9   3.6   4.0 999.0 99.0 99.00
2018 03 12 01 50 267  3.1  3.7  0.25 99.00  3.72 999 1018.2   3.6   3.9 999.0 99.0 99.00
2018 03 12 02 50 278  1.3  1.6  0.19 99.00  3.72 999 1018.2   3.5   3.9 999.0 99.0 99.00
2018 03 12 03 50 269  1.1  1.5  0.16 99.00  3.86 999 1018.2   3.5   3.9 999.0 99.0 99.00
2018 03 12 04 50 201  0.6  0.9  0.16 99.00  4.24 999 1018.1   3.2   3.9 999.0 99.0 99.00
2018 03 12 05 50 347  2.9  3.6  0.17 99.00  4.73 999 1018.1   3.3   3.8 999.0 99.0 99.00
2018 03 12 06 50   5  4.6  5.4  0.19 99.00  4.58 999 1017.7   3.3   3.9 999.0 99.0 99.00
2018 03 12 07 50   1  4.0  4.7  0.23 99.00  3.30 999 1017.6   3.1   3.9 999.0 99.0 99.00
2018 03 12 08 50   8  5.5  6.6  0.22 99.00  2.94 999 1017.0   3.0   3.9 999.0 99.0 99.00
2018 03 12 09 50  15  5.3  6.1  0.25 99.00  2.78 999 1017.3   3.0   3.9 999.0 99.0 99.00
2018 03 12 10 50  27  6.3  7.4  0.27  2.47  2.90  14 1016.6   3.1   3.8 999.0 99.0 99.00
2018 03 12 11 50  41  5.4  6.2  0.35  2.60  3.09  31 1016.8   3.3   3.8 999.0 99.0 99.00
2018 03 12 12 50  73  4.6  5.6  0.33  2.60  2.95  10 1017.3   3.8   3.9 999.0 99.0 99.00
2018 03 12 13 50  56  4.7  5.5  0.28  2.47  3.06  48 1017.0   4.0   4.0 999.0 99.0 99.00
2018 03 12 14 50  60  4.0  4.7  0.22 99.00  3.05 999 1017.0   4.2   4.0 999.0 99.0 99.00
2018 03 12 15 50  66  4.0  4.5  0.18 99.00  3.27 999 1016.8   4.2   4.0 999.0 99.0 99.00
2018 03 12 16 50  66  3.8  4.4  0.22 99.00  3.52 999 1016.6   4.2   4.1 999.0 99.0 99.00
2018 03 12 17 50  62  5.7  6.7  0.22 99.00  3.16 999 1015.9   3.8   4.2 999.0 99.0 99.00
2018 03 12 18 50  70  8.7 10.3  0.26  2.60  3.05  44 1014.5   3.7   4.2 999.0 99.0 99.00
2018 03 12 19 50  68  6.5  8.0  0.37  3.45  3.12  82 1014.0   3.9   4.2 999.0 99.0 99.00
2018 03 12 20 50  63  9.2 11.2  0.55  3.85  3.38  77 1013.3   4.0   4.2 999.0 99.0 99.00
2018 03 12 21 50  61  9.4 11.6  0.80  4.17  3.87  85 1012.7   3.8   4.1 999.0 99.0 99.00
2018 03 12 22 50  62 10.6 12.4  0.93  4.55  4.06  81 1011.9   3.7   4.1 999.0 99.0 99.00
2018 03 12 23 50  55 12.1 14.7  1.08  4.76  4.16  80 1011.3   3.6   4.0 999.0 99.0 99.00
2018 03 13 00 50  54 12.9 15.4  1.26  4.55  4.11  68 1010.7   3.5   4.0 999.0 99.0 99.00
2018 03 13 01 50  50 13.1 15.6  1.37  5.26  4.17  77 1009.0   3.5   4.0 999.0 99.0 99.00
2018 03 13 02 50  52 12.4 14.3  1.46  4.35  4.10  57 1008.0   3.8   4.1 999.0 99.0 99.00
2018 03 13 03 50  47 13.2 16.5  1.43  4.35  4.12  44 1005.9   3.8   4.1 999.0 99.0 99.00
2018 03 13 04 50  47 14.1 17.7  1.62  4.35  4.16  49 1004.4   4.0   4.1 999.0 99.0 99.00
2018 03 13 05 50  46 15.7 19.9  1.62  4.55  4.23  48 1002.6   3.1   4.1 999.0 99.0 99.00
2018 03 13 06 50  39 15.8 21.4  1.89  4.76  4.38  50  999.8   2.4   4.2 999.0 99.0 99.00
2018 03 13 07 50  38 16.0 19.7  2.20  5.00  4.70  44  997.9   1.7   4.1 999.0 99.0 99.00
2018 03 13 08 50  29 15.6 19.1  1.95  5.26  4.68  41  995.6   1.0   4.1 999.0 99.0 99.00
2018 03 13 09 50  27 16.4 20.2  2.20  5.26  4.74  47  993.6   0.3   4.0 999.0 99.0 99.00
2018 03 13 10 50  21 18.4 22.0  2.22  5.26  4.81  37  991.0   0.8   4.0 999.0 99.0 99.00
2018 03 13 11 50  15 18.7 22.9  2.42  5.56  4.91  32  989.1   0.9   3.9 999.0 99.0 99.00
2018 03 13 12 50   7 20.3 24.8  2.41  5.56  4.91  34  986.7   0.6   3.9 999.0 99.0 99.00
2018 03 13 13 50  13 19.2 24.3  2.57  6.25  5.07  32  986.3   0.4   4.0 999.0 99.0 99.00
2018 03 13 14 50   9 19.6 24.7  2.93  5.88  5.11  30  985.7   0.6   4.1 999.0 99.0 99.00
2018 03 13 15 50   5 21.0 26.0  2.50  5.88  5.05  26  984.6   0.6   4.1 999.0 99.0 99.00
2018 03 13 16 50 360 19.1 24.3  2.50  5.56  4.95  22  984.9   0.6   3.9 999.0 99.0 99.00
2018 03 13 17 50 351 18.7 23.4  2.43  5.56  5.01  26  985.5   0.7   3.8 999.0 99.0 99.00
2018 03 13 18 50 341 19.4 24.1  2.30  5.26  4.87  14  986.9   0.2   3.7 999.0 99.0 99.00
2018 03 13 19 50 336 17.8 22.4  2.55  5.88  5.15 352  988.8   0.1   3.7 999.0 99.0 99.00
2018 03 13 20 50 320 16.3 21.4  2.35  5.56  4.99 347  990.8  -0.4   3.6 999.0 99.0 99.00
2018 03 13 21 50 315 16.6 20.3  2.07  5.26  4.62 339  992.2  -0.6   3.6 999.0 99.0 99.00
2018 03 13 22 50 325 17.6 21.4  2.15  5.26  4.56 314  992.9   0.0   3.6 999.0 99.0 99.00
2018 03 13 23 50 324 14.5 17.5  1.80  5.26  4.47 328  994.2   1.1   3.6 999.0 99.0 99.00
2018 03 14 00 50 305 13.5 16.1  1.47  4.55  4.21 331  995.6   0.0   3.6 999.0 99.0 99.00
2018 03 14 01 50 303 12.5 15.3  1.51  4.55  4.22 302  996.3   0.4   3.6 999.0 99.0 99.00
2018 03 14 02 50 295 12.9 16.5  1.38  4.76  4.42 298  996.6   0.6   3.5 999.0 99.0 99.00
2018 03 14 03 50 289 13.1 15.8  1.27  4.35  4.44 296  996.9   0.9   3.5 999.0 99.0 99.00
2018 03 14 04 50 278 12.6 15.1  1.23  5.00  4.35 279  997.4   0.8   3.5 999.0 99.0 99.00
2018 03 14 05 50 278 12.2 15.9  1.27  5.00  4.37 284  997.7   0.7   3.5 999.0 99.0 99.00
2018 03 14 06 50 273 12.5 15.8  1.19  5.00  4.22 280  997.6   1.1   3.5 999.0 99.0 99.00
2018 03 14 07 50 269 13.3 16.4  1.15  4.35  3.96 278  997.4   1.2   3.5 999.0 99.0 99.00
2018 03 14 08 50 266 13.4 16.9  1.16  4.55  3.81 278  998.0   1.4   3.5 999.0 99.0 99.00
2018 03 14 09 50 263 12.7 15.1  1.12  4.76  3.71 291  998.3   1.3   3.4 999.0 99.0 99.00
2018 03 14 10 50 257 12.9 15.3  1.09  3.70  3.63 269  998.4   1.4   3.4 999.0 99.0 99.00
2018 03 14 11 50 257 14.0 16.7  1.12  4.00  3.70 274  998.6   1.4   3.4 999.0 99.0 99.00
2018 03 14 12 50 253 13.6 17.0  1.32  4.17  3.80 270  998.8   1.5   3.4 999.0 99.0 99.00
2018 03 14 13 50 251 14.6 18.1  1.24  4.35  3.86 260  998.4   1.5   3.5 999.0 99.0 99.00
2018 03 14 14 50 252 14.1 17.7  1.39  4.55  4.08 263  998.4   1.4   3.5 999.0 99.0 99.00
2018 03 14 15 50 248 14.4 17.3  1.43  5.00  4.19 263  998.2   1.7   3.5 999.0 99.0 99.00
2018 03 14 16 50 244 14.3 17.4  1.37  4.76  4.25 272  998.0   2.2   3.6 999.0 99.0 99.00
2018 03 14 17 50 244 15.0 18.4  1.58  4.76  4.33 266  997.1   2.3   3.6 999.0 99.0 99.00
2018 03 14 18 50 246 14.3 17.1  1.47  5.00  4.19 264  996.1   2.4   3.6 999.0 99.0 99.00
2018 03 14 19 50 246 13.7 16.6  1.39  4.76  3.99 269  996.1   2.5   3.6 999.0 99.0 99.00
2018 03 14 20 50 248 12.3 14.5  1.23  4.35  3.80 269  995.8   2.7   3.7 999.0 99.0 99.00
2018 03 14 21 50 245 11.9 14.5  0.90  3.70  3.43 271  995.5   2.8   3.9 999.0 99.0 99.00
2018 03 14 22 50 250 11.0 13.4  1.00  3.70  3.48 265  995.6   2.8   3.8 999.0 99.0 99.00
2018 03 14 23 50 253 10.8 12.3  0.79  3.23  3.18 257  995.5   3.0   3.8 999.0 99.0 99.00
2018 03 15 00 50 256  9.7 12.5  0.74  3.70  3.27 258  995.6   3.1   3.7 999.0 99.0 99.00
2018 03 15 01 50 259 11.5 13.9  0.81  3.45  3.37 266  995.0   2.6   3.7 999.0 99.0 99.00
2018 03 15 02 50 264 11.0 13.5  0.87  4.17  3.61 262  994.7   2.3   3.7 999.0 99.0 99.00
2018 03 15 03 50 269 11.1 13.5  1.00  4.17  3.87 273  994.6   2.1   3.7 999.0 99.0 99.00
2018 03 15 04 50 275 10.7 12.9  0.94  4.55  3.93 283  994.2   1.9   3.6 999.0 99.0 99.00
2018 03 15 05 50 271 11.6 14.4  1.01  4.76  4.12 295  994.2   1.3   3.6 999.0 99.0 99.00
2018 03 15 06 50 269 11.1 13.0  1.01  5.00  4.08 288  993.9   0.9   3.7 999.0 99.0 99.00
2018 03 15 07 50 273 12.2 14.6  1.05  4.76  3.93 292  993.7   0.7   3.6 999.0 99.0 99.00
2018 03 15 08 50 274 11.9 14.0  1.09  4.35  3.85 282  993.9   1.4   3.6 999.0 99.0 99.00
2018 03 15 09 50 276 12.4 14.6  0.99  4.00  3.65 274  993.9   1.5   3.6 999.0 99.0 99.00
2018 03 15 10 50 278 12.5 14.6  1.03  4.35  3.55 276  994.4   1.5   3.7 999.0 99.0 99.00
2018 03 15 11 50 279 12.3 14.8  1.12  4.17  3.61 287  995.0   1.6   3.6 999.0 99.0 99.00
2018 03 15 12 50 276 12.7 15.7  1.10  4.00  3.68 281  995.5   1.8   3.5 999.0 99.0 99.00
2018 03 15 13 50 279 13.5 16.4  1.21  4.35  3.85 277  995.6   2.0   3.5 999.0 99.0 99.00
2018 03 15 14 50 282 11.2 13.1  1.21  4.55  4.08 286  996.0   2.0   3.6 999.0 99.0 99.00
2018 03 15 15 50 275  9.9 11.7  0.97  4.35  4.04 286  996.1   2.3   3.6 999.0 99.0 99.00
2018 03 15 16 50 268 10.3 11.9  0.99  5.00  4.27 281  995.9   2.5   3.7 999.0 99.0 99.00
2018 03 15 17 50 263 10.4 13.0  0.98  4.76  4.19 282  995.4   2.7   3.7 999.0 99.0 99.00
2018 03 15 18 50 250 10.8 12.7  0.92  4.76  4.06 279  995.0   2.8   3.8 999.0 99.0 99.00
2018 03 15 19 50 252 12.1 14.3  0.96  4.55  3.85 266  995.1   3.2   3.7 999.0 99.0 99.00
2018 03 15 20 50 252 13.3 15.6  1.16  4.35  3.84 265  995.2   3.6   3.8 999.0 99.0 99.00
2018 03 15 21 50 254 12.3 14.4  1.06  4.35  3.65 265  995.8   4.0   3.8 999.0 99.0 99.00
2018 03 15 22 50 256 10.5 12.2  1.05  4.00  3.60 264  996.5   3.9   3.8 999.0 99.0 99.00
2018 03 15 23 50 264  9.2 11.0  0.84  3.33  3.36 272  997.3   4.0   3.8 999.0 99.0 99.00
2018 03 16 00 50 264  7.0  8.2  0.67  3.45  3.30 272  998.1   3.8   3.7 999.0 99.0 99.00
2018 03 16 01 50 274  6.8  7.9  0.46  3.03  3.20 286  998.5   3.8   3.7 999.0 99.0 99.00
2018 03 16 02 50 296  8.8 11.5  0.47  2.86  3.25 307  998.4   3.8   3.7 999.0 99.0 99.00
2018 03 16 03 50 290 10.3 12.7  0.67  3.33  3.35 298  998.3   3.4   3.7 999.0 99.0 99.00
2018 03 16 04 50 290 10.4 13.2  0.82  4.00  3.72 290  998.2   3.1   3.7 999.0 99.0 99.00
2018 03 16 05 50 290 10.1 12.0  0.75  4.35  3.84 280  998.1   2.6   3.6 999.0 99.0 99.00
2018 03 16 06 50 289  9.8 11.7  0.93  4.35  4.03 275  997.9   2.2   3.6 999.0 99.0 99.00
2018 03 16 07 50 285 10.3 11.8  0.82  4.35  3.85 284  997.7   2.0   3.5 999.0 99.0 99.00
2018 03 16 08 50 292 10.0 11.8  0.77  4.17  3.62 277  998.0   1.8   3.5 999.0 99.0 99.00
2018 03 16 09 50 290 10.3 12.4  0.78  4.00  3.49 285  998.3   1.7   3.6 999.0 99.0 99.00
2018 03 16 10 50 287 11.0 13.1  0.75  4.35  3.32 286  998.7   1.6   3.6 999.0 99.0 99.00
2018 03 16 11 50 288 11.3 13.4  0.77  3.70  3.31 293  999.2   1.6   3.5 999.0 99.0 99.00
2018 03 16 12 50 290 11.4 14.0  0.90  3.70  3.32 280  999.6   1.4   3.6 999.0 99.0 99.00
2018 03 16 13 50 296 10.5 12.7  0.85  3.70  3.36 283 1000.0   1.3   3.6 999.0 99.0 99.00
2018 03 16 14 50 296  9.4 11.1  0.82  4.00  3.51 298 1000.4   1.2   3.6 999.0 99.0 99.00
2018 03 16 15 50 296  8.8 11.1  0.70  3.85  3.62 286 1000.4   1.4   3.6 999.0 99.0 99.00
2018 03 16 16 50 309  8.8 10.4  0.75  4.35  3.82 279 1000.4   1.4   3.7 999.0 99.0 99.00
2018 03 16 17 50 305  8.4 10.4  0.77  4.35  3.99 281 1000.3   1.4   3.6 999.0 99.0 99.00
2018 03 16 18 50 308  8.9 10.7  0.69  4.35  3.91 276 1000.2   1.7   3.6 999.0 99.0 99.00
2018 03 16 19 50 310  9.1 11.5  0.76  4.35  3.77 279 1000.3   2.0   3.6 999.0 99.0 99.00
2018 03 16 20 50 303  9.5 12.5  0.79  4.00  3.74 286 1000.6   2.2   3.6 999.0 99.0 99.00
2018 03 16 21 50 301  9.7 11.8  0.85  3.85  3.54 305 1001.3   2.2   3.5 999.0 99.0 99.00
2018 03 16 22 50 302  9.5 11.1  0.79  3.85  3.45 309 1002.1   2.3   3.6 999.0 99.0 99.00
2018 03 16 23 50 295 11.0 13.2  0.87  3.33  3.44 290 1002.9   2.0   3.6 999.0 99.0 99.00
2018 03 17 00 50 302 11.3 14.3  0.93  3.70  3.28 292 1004.1   1.6   3.6 999.0 99.0 99.00
2018 03 17 01 50 300 11.4 14.4  1.10  3.70  3.49 296 1005.2   0.7   3.6 999.0 99.0 99.00
2018 03 17 02 50 306 11.9 14.9  1.03  4.17  3.60 300 1005.9   0.1   3.5 999.0 99.0 99.00
2018 03 17 03 50 297 12.2 16.0  1.11  4.17  3.91 297 1006.4  -0.7   3.5 999.0 99.0 99.00
2018 03 17 04 50 301 12.1 14.4  0.99  4.35  3.95 284 1006.7  -1.2   3.4 999.0 99.0 99.00
2018 03 17 05 50 295 11.1 13.9  1.01  4.55  4.12 286 1007.6  -1.4   3.4 999.0 99.0 99.00
2018 03 17 06 50 294 13.0 17.6  1.24  5.00  4.34 277 1007.6  -1.1   3.3 999.0 99.0 99.00
2018 03 17 07 50 293 12.2 14.9  1.15  5.00  4.31 280 1007.7  -1.2   3.2 999.0 99.0 99.00
2018 03 17 08 50 297 12.0 14.5  1.05  4.76  4.11 281 1007.3  -1.2   3.2 999.0 99.0 99.00
2018 03 17 09 50 294 10.8 13.2  1.02  4.76  3.80 281 1007.4  -1.4   3.2 999.0 99.0 99.00
2018 03 17 10 50 284 10.1 12.8  0.73  4.00  3.40 290 1007.7  -1.4   3.2 999.0 99.0 99.00
2018 03 17 11 50 282 10.9 13.2  0.81  4.17  3.33 288 1007.5  -1.0   3.2 999.0 99.0 99.00
2018 03 17 12 50 267 11.6 13.6  0.88  3.85  3.36 287 1006.9  -0.5   3.3 999.0 99.0 99.00
2018 03 17 13 50 269 11.9 15.0  0.87  3.70  3.18 287 1006.0  -0.2   3.3 999.0 99.0 99.00
2018 03 17 14 50 274 12.9 15.5  1.07  3.85  3.55 284 1004.8   0.4   3.3 999.0 99.0 99.00
2018 03 17 15 50 260 11.2 14.4  1.15  4.35  3.80 270 1003.2   0.6   3.4 999.0 99.0 99.00
2018 03 17 16 50 258 12.1 15.4  1.32  4.76  4.20 271 1001.9   0.9   3.4 999.0 99.0 99.00
2018 03 17 17 50 260 12.8 15.0  1.34  5.00  4.44 272 1000.9   1.4   3.5 999.0 99.0 99.00
2018 03 17 18 50 257 12.2 15.1  1.23  4.76  4.42 269 1000.3   2.0   3.4 999.0 99.0 99.00
2018 03 17 19 50 270 11.2 13.7  1.19  5.26  4.39 278 1000.7   2.7   3.4 999.0 99.0 99.00
2018 03 17 20 50 264  9.3 11.5  1.10  5.26  4.11 278 1001.0   3.7   3.4 999.0 99.0 99.00
2018 03 17 21 50   1 12.1 14.5  0.88  5.00  3.73 278 1002.4   2.7   3.4 999.0 99.0 99.00
2018 03 17 22 50 359 11.0 13.4  1.03  3.85  3.61 322 1004.2   0.2   3.4 999.0 99.0 99.00
2018 03 17 23 50 347 11.3 13.4  1.12  4.35  3.83   8 1005.4  -0.1   3.4 999.0 99.0 99.00
2018 03 18 00 50 339 13.0 16.0  1.10  4.35  3.83  14 1006.0  -0.6   3.4 999.0 99.0 99.00
2018 03 18 01 50 338 14.0 17.4  1.30  4.55  3.97 354 1006.5  -1.2   3.4 999.0 99.0 99.00
2018 03 18 02 50 334 13.0 15.5  1.43  4.55  4.07 351 1007.5  -2.2   3.3 999.0 99.0 99.00
2018 03 18 03 50 337 10.5 12.6  1.07  4.35  3.72 344 1007.9  -2.8   3.3 999.0 99.0 99.00
2018 03 18 04 50 335  8.3 10.9  0.87  3.85  3.64 334 1008.3  -3.1   3.2 999.0 99.0 99.00
2018 03 18 05 50 344  8.2 10.3  0.67  3.57  3.46 345 1008.5  -3.4   3.2 999.0 99.0 99.00
2018 03 18 06 50 343  6.6  8.8  0.63  3.85  3.49 327 1008.7  -3.7   3.0 999.0 99.0 99.00
2018 03 18 07 50 315  7.5  9.1  0.59  3.70  3.43 310 1008.7  -4.6   3.0 999.0 99.0 99.00
2018 03 18 08 50 319  8.1  9.8  0.60  3.57  3.42 303 1009.1  -5.1   2.9 999.0 99.0 99.00
2018 03 18 09 50 313  7.4  9.0  0.62  3.70  3.41 309 1009.5  -5.8   2.9 999.0 99.0 99.00
2018 03 18 10 50 309  7.0  9.2  0.61  3.45  3.31 302 1010.2  -6.1   2.9 999.0 99.0 99.00
2018 03 18 11 50 307  7.3  8.4  0.55  3.23  3.12 306 1010.8  -6.2   2.9 999.0 99.0 99.00
2018 03 18 12 50 317  6.8  8.5  0.62  3.33  3.07 309 1010.8  -6.1   2.9 999.0 99.0 99.00
2018 03 18 13 50 322  6.5  8.2  0.50  3.13  2.97 303 1010.9  -6.0   3.0 999.0 99.0 99.00
2018 03 18 14 50 322  6.4  8.7  0.48  2.94  2.93 313 1010.9  -5.7   3.1 999.0 99.0 99.00
2018 03 18 15 50 323  5.5  7.9  0.45  2.74  2.98 327 1010.5  -4.9   3.1 999.0 99.0 99.00
2018 03 18 16 50 303  5.2  6.7  0.47  2.94  3.25 325 1010.1  -4.4   3.2 999.0 99.0 99.00
2018 03 18 17 50 340  5.2  6.7  0.42  3.13  3.13 336 1009.8  -3.6   3.2 999.0 99.0 99.00
2018 03 18 18 50 309  7.0  9.8  0.52  3.23  3.27 319 1009.3  -2.4   3.2 999.0 99.0 99.00
2018 03 18 19 50 306  6.0  8.8  0.58  3.45  3.39 308 1009.2  -1.4   3.1 999.0 99.0 99.00
2018 03 18 20 50 321  7.0  9.1  0.63  3.70  3.52 293 1009.3  -0.5   3.1 999.0 99.0 99.00
2018 03 18 21 50 316  7.2  9.1  0.65  3.85  3.52 295 1009.6   0.4   3.1 999.0 99.0 99.00
2018 03 18 22 50 319  8.7 10.1  0.65  3.57  3.32 298 1010.1   0.3   3.1 999.0 99.0 99.00
2018 03 18 23 50 325  9.0 10.8  0.71  3.45  3.21 310 1010.8  -0.1   3.0 999.0 99.0 99.00
2018 03 19 00 50 316  9.0 10.8  0.71  3.23  3.15 316 1011.1  -0.5   3.0 999.0 99.0 99.00
2018 03 19 01 50 320  8.1  9.7  0.66  3.23  3.13 327 1011.4  -0.7   3.0 999.0 99.0 99.00
2018 03 19 02 50 323  7.7  9.3  0.54  3.13  2.93 328 1011.4  -0.9   3.1 999.0 99.0 99.00
2018 03 19 03 50 319  7.3  9.0  0.46  3.03  2.90 342 1011.3  -1.0   3.1 999.0 99.0 99.00
2018 03 19 04 50 324  8.0  9.6  0.46  3.03  2.95 325 1010.9  -1.1   3.0 999.0 99.0 99.00
2018 03 19 05 50 333  7.9  9.3  0.52  3.33  3.19 316 1010.9  -1.1   3.0 999.0 99.0 99.00
2018 03 19 06 50 333  7.5  8.8  0.48  3.45  3.33 310 1011.1  -1.5   2.9 999.0 99.0 99.00
2018 03 19 07 50 330  7.9  9.8  0.45  3.33  3.32 312 1011.0  -1.8   2.8 999.0 99.0 99.00
2018 03 19 08 50 315  8.7 10.4  0.57  3.33  3.30 322 1011.9  -2.8   2.8 999.0 99.0 99.00
2018 03 19 09 50 322 10.6 13.0  0.67  3.57  3.42 314 1012.1  -3.4   2.8 999.0 99.0 99.00
2018 03 19 10 50 321  9.4 11.2  0.84  4.00  3.60 309 1012.3  -3.7   2.8 999.0 99.0 99.00
2018 03 19 11 50 326  9.9 11.5  0.82  3.70  3.37 312 1012.5  -4.0   2.7 999.0 99.0 99.00
2018 03 19 12 50 315  9.7 11.4  0.70  3.70  3.24 308 1012.4  -3.9   2.7 999.0 99.0 99.00
2018 03 19 13 50 323 11.0 13.0  0.68  3.23  3.10 310 1011.9  -3.0   2.8 999.0 99.0 99.00
2018 03 19 14 50 327  7.8 10.1  0.77  3.70  3.24 319 1012.3  -3.1   2.9 999.0 99.0 99.00
2018 03 19 15 50 314  6.0  7.7  0.61  3.45  3.13 317 1012.1  -2.4   3.0 999.0 99.0 99.00
2018 03 19 16 50 301  4.8  6.7  0.48  3.13  3.16 320 1011.7  -1.9   3.1 999.0 99.0 99.00
2018 03 19 17 50 289  6.0  8.2  0.37  2.94  3.05 308 1011.0  -1.1   3.1 999.0 99.0 99.00
2018 03 19 18 50 274  6.6  8.5  0.36  3.23  3.16 291 1010.7  -0.3   3.2 999.0 99.0 99.00
2018 03 19 19 50 277  7.6  9.6  0.50  3.70  3.45 289 1010.7   0.7   3.1 999.0 99.0 99.00
2018 03 19 20 50 281  8.1  9.5  0.60  4.17  3.59 280 1010.7   1.6   3.0 999.0 99.0 99.00
2018 03 19 21 50 286  7.1  8.7  0.60  4.17  3.62 278 1011.0   2.2   2.9 999.0 99.0 99.00
2018 03 19 22 50 302  6.6  8.2  0.58  3.85  3.41 283 1011.3   2.3   2.9 999.0 99.0 99.00
2018 03 19 23 50 318  7.0  8.3  0.48  3.45  3.10 285 1012.0   2.3   2.9 999.0 99.0 99.00
2018 03 20 00 50 312  7.2  9.0  0.46  2.86  2.82 314 1012.8   1.7   2.9 999.0 99.0 99.00
2018 03 20 01 50 319  9.2 10.9  0.51  2.74  2.78 322 1012.8   1.3   2.9 999.0 99.0 99.00
2018 03 20 02 50 323  6.4  7.8  0.52  3.13  2.92 317 1013.0   0.9   3.0 999.0 99.0 99.00
2018 03 20 03 50 310  6.5  7.3  0.44  2.94  2.76 328 1013.0   0.6   3.0 999.0 99.0 99.00
2018 03 20 04 50 320  8.5 10.3  0.44  2.94  2.87 309 1013.2   0.3   3.0 999.0 99.0 99.00
2018 03 20 05 50 321  7.1  8.9  0.51  3.23  3.08 305 1013.6  -0.3   2.9 999.0 99.0 99.00
2018 03 20 06 50 320  7.3  8.5  0.48  3.57  3.27 294 1013.7  -0.8   2.9 999.0 99.0 99.00
2018 03 20 07 50 312  6.3  7.5  0.49  3.45  3.37 302 1014.0  -1.1   2.8 999.0 99.0 99.00
2018 03 20 08 50 316  6.5  8.2  0.47  3.70  3.45 289 1014.1  -1.4   2.7 999.0 99.0 99.00
2018 03 20 09 50 324  6.1  7.7  0.50  3.70  3.38 277 1014.1  -1.7   2.7 999.0 99.0 99.00
2018 03 20 10 50 330  5.8  7.0  0.46  3.45  3.22 291 1014.0  -2.1   2.7 999.0 99.0 99.00
2018 03 20 11 50 330  5.9  7.0  0.44  3.45  3.12 277 1014.5  -1.6   2.6 999.0 99.0 99.00
2018 03 20 12 50 337  4.8  5.9  0.37  3.03  2.89 305 1014.9  -1.6   2.6 999.0 99.0 99.00
2018 03 20 13 50 346  3.6  4.9  0.31  2.74  2.85 312 1014.9  -1.3   2.8 999.0 99.0 99.00
2018 03 20 14 50 346  3.6  5.0  0.24 99.00  2.71 999 1014.8  -0.8   2.9 999.0 99.0 99.00
2018 03 20 15 50 348  2.5  4.0  0.20 99.00  2.78 999 1014.7  -0.7   3.0 999.0 99.0 99.00
2018 03 20 16 50  37  2.0  2.7  0.22 99.00  3.17 999 1014.4  -0.5   3.1 999.0 99.0 99.00
2018 03 20 17 50  50  1.7  2.4  0.23 99.00  3.57 999 1013.9  -0.2   3.2 999.0 99.0 99.00
2018 03 20 18 50 106  2.0  2.7  0.27  3.33  3.20  91 1013.6   0.2   3.2 999.0 99.0 99.00
2018 03 20 19 50  68  3.2  3.8  0.20 99.00  3.13 999 1012.9  -0.2   3.0 999.0 99.0 99.00
2018 03 20 20 50  50  5.2  6.2  0.16 99.00  3.37 999 1011.9  -0.1   3.0 999.0 99.0 99.00
2018 03 20 21 50  53  6.7  7.6  0.18 99.00  3.97 999 1011.6   0.5   2.9 999.0 99.0 99.00
2018 03 20 22 50  46  7.4  8.8  0.26  2.47  2.57  55 1011.8   1.1   3.0 999.0 99.0 99.00
2018 03 20 23 50  52  7.9  9.4  0.48  3.13  2.99  42 1011.4   1.6   3.0 999.0 99.0 99.00
2018 03 21 00 50  46  7.7  9.1  0.63  3.57  3.42  57 1011.5   1.9   2.9 999.0 99.0 99.00
2018 03 21 01 50  45  8.9 10.7  0.62  3.85  3.61  76 1010.6   2.0   2.9 999.0 99.0 99.00
2018 03 21 02 50  44  9.5 11.2  0.78  4.00  3.81  77 1009.2   2.2   2.9 999.0 99.0 99.00
2018 03 21 03 50  48 10.1 11.9  0.81  4.55  3.89  80 1009.0   2.4   2.9 999.0 99.0 99.00
2018 03 21 04 50  48 10.0 12.0  0.91  4.55  3.90  75 1008.9   2.6   2.9 999.0 99.0 99.00
2018 03 21 05 50  46  9.4 11.7  1.07  4.55  3.86  70 1008.5   2.9   2.9 999.0 99.0 99.00
2018 03 21 06 50  50 10.0 11.7  1.08  5.00  3.81  81 1007.6   3.1   3.0 999.0 99.0 99.00
2018 03 21 07 50  44 11.5 14.0  1.04  5.00  3.65  85 1006.4   3.2   2.9 999.0 99.0 99.00
2018 03 21 08 50  40 12.3 15.4  1.20  3.45  3.66  51 1005.5   3.2   2.9 999.0 99.0 99.00
2018 03 21 09 50  37 12.7 15.5  1.31  4.17  3.94  37 1005.4   3.1   3.0 999.0 99.0 99.00
2018 03 21 10 50  36 13.1 15.3  1.35  4.35  4.02  48 1004.7   2.9   3.2 999.0 99.0 99.00
2018 03 21 11 50  41 12.5 15.2  1.28  4.35  4.01  38 1005.0   3.0   3.2 999.0 99.0 99.00
2018 03 21 12 50  38 12.4 14.7  1.31  4.35  4.06  40 1004.8   2.8   3.2 999.0 99.0 99.00
2018 03 21 13 50  35 10.9 13.6  1.25  4.76  4.20  45 1005.0   2.9   3.2 999.0 99.0 99.00
2018 03 21 14 50  26 12.6 15.5  1.28  5.00  4.35  52 1005.0   2.5   3.0 999.0 99.0 99.00
2018 03 21 15 50  30 13.0 15.1  1.32  4.76  4.34  47 1004.6   1.4   2.9 999.0 99.0 99.00
2018 03 21 16 50  22 12.7 15.6  1.19  4.55  4.16  42 1004.0   2.6   2.9 999.0 99.0 99.00
2018 03 21 17 50  24 12.7 15.2  1.42  4.55  4.27  37 1002.9   1.7   2.9 999.0 99.0 99.00
2018 03 21 18 50  24 12.5 15.0  1.51  4.76  4.15  28 1002.4   1.8   2.9 999.0 99.0 99.00
2018 03 21 19 50  21 14.0 16.5  1.45  4.55  4.16  26 1001.7   1.8   3.1 999.0 99.0 99.00
2018 03 21 20 50  25 13.6 15.9  1.56  4.55  4.17  32 1001.8   1.8   3.3 999.0 99.0 99.00
2018 03 21 21 50  28 14.2 17.6  1.60  4.17  4.20  43 1002.0   2.2   3.3 999.0 99.0 99.00
2018 03 21 22 50  27 12.7 15.6  1.62  4.55  4.24  38 1002.3   2.2   3.4 999.0 99.0 99.00
2018 03 21 23 50  25 13.0 15.3  1.48  4.35  4.09  42 1001.6   2.3   3.4 999.0 99.0 99.00
2018 03 22 00 50  24 12.8 15.7  1.39  4.35  4.17  36 1001.7   2.4   3.4 999.0 99.0 99.00
2018 03 22 01 50  26 12.2 14.9  1.21  4.55  4.15  41 1001.9   2.4   3.4 999.0 99.0 99.00
2018 03 22 02 50  33 13.8 16.4  1.24  4.76  4.19  48 1001.6   2.0   3.4 999.0 99.0 99.00
2018 03 22 03 50  32 14.6 17.8  1.49  5.00  4.51  42 1000.5   2.0   3.4 999.0 99.0 99.00
2018 03 22 04 50  27 14.6 18.5  1.65  5.26  4.58  48  999.5   1.3   3.3 999.0 99.0 99.00
2018 03 22 05 50  22 13.0 17.4  1.54  5.26  4.50  44  999.2   2.0   3.3 999.0 99.0 99.00
2018 03 22 06 50  14 12.2 14.6  1.68  4.76  4.41  44  998.6   1.4   3.3 999.0 99.0 99.00
2018 03 22 07 50  13 12.6 15.2  1.65  4.55  4.35  41  997.8   1.6   3.3 999.0 99.0 99.00
2018 03 22 08 50  13 13.8 16.5  1.63  4.35  4.51  42  997.4   1.5   3.3 999.0 99.0 99.00
2018 03 22 09 50  10 12.2 14.7  1.75  4.55  4.43  30  997.6   1.2   3.4 999.0 99.0 99.00
2018 03 22 10 50   9 12.1 14.2  1.61  4.76  4.41  35  998.1   1.4   3.4 999.0 99.0 99.00
2018 03 22 11 50   6 12.8 15.3  1.45  4.55  4.27  44  999.0   0.9   3.5 999.0 99.0 99.00
2018 03 22 12 50   3 12.1 15.9  1.34  4.35  4.17  26  999.6   1.3   3.5 999.0 99.0 99.00
2018 03 22 13 50 357 12.3 14.9  1.24  4.35  4.07  30  999.9   1.6   3.5 999.0 99.0 99.00
2018 03 22 14 50 358 13.4 16.1  1.24  4.35  4.09  25 1000.2   1.9   3.4 999.0 99.0 99.00
2018 03 22 15 50 349 12.7 15.6  1.46  4.76  4.31  23 1001.0   1.6   3.4 999.0 99.0 99.00
2018 03 22 16 50 349 12.1 14.9  1.43  4.35  4.24   1 1002.1   1.5   3.4 999.0 99.0 99.00
2018 03 22 17 50 344 11.1 14.0  1.37  4.76  4.14  18 1003.0   1.4   3.4 999.0 99.0 99.00
2018 03 22 18 50 342 10.8 13.3  1.26  4.35  4.03   5 1003.9   1.4   3.4 999.0 99.0 99.00
2018 03 22 19 50 344 10.6 12.6  1.27  4.00  4.08  17 1004.5   1.7   3.4 999.0 99.0 99.00
2018 03 22 20 50 351  9.5 12.0  1.25  4.00  4.05 360 1005.7   2.0   3.4 999.0 99.0 99.00
2018 03 22 21 50 351  9.0 10.7  1.22  4.00  4.17 359 1007.2   1.8   3.6 999.0 99.0 99.00
2018 03 22 22 50   2  8.1 10.0  1.08  4.00  4.15 356 1008.1   2.1   3.6 999.0 99.0 99.00
2018 03 22 23 50 360  7.6  9.6  0.93  3.57  4.06   3 1009.2   2.2   3.6 999.0 99.0 99.00
2018 03 23 00 50  20  5.0  6.0  0.75  4.55  3.90  77 1010.0   2.8   3.6 999.0 99.0 99.00
2018 03 23 01 50 345  2.1  2.4  0.63  5.26  3.92  81 1010.8   3.2   3.6 999.0 99.0 99.00
2018 03 23 02 50 272  5.3  6.0  0.46 11.43  4.04  52 1011.3   2.9   3.6 999.0 99.0 99.00
2018 03 23 03 50 267  5.2  5.9  0.42  5.26  4.65  93 1011.2   2.5   3.5 999.0 99.0 99.00
2018 03 23 04 50 269  6.5  7.6  0.35  5.26  4.80  93 1011.2   2.4   3.4 999.0 99.0 99.00
2018 03 23 05 50 271  6.8  7.8  0.36 10.81  4.44 302 1011.4   2.4   3.4 999.0 99.0 99.00
2018 03 23 06 50 271  6.5  7.4  0.46 10.00  4.09 260 1011.1   2.4   3.4 999.0 99.0 99.00
2018 03 23 07 50 275  5.8  7.1  0.55 10.00  4.31  66 1011.1   2.4   3.3 999.0 99.0 99.00
2018 03 23 08 50 296  4.8  5.6  0.58 10.00  4.67  89 1011.4   2.6   3.3 999.0 99.0 99.00
2018 03 23 09 50 317  4.8  5.6  0.60 10.00  4.59 100 1012.1   2.3   3.3 999.0 99.0 99.00
2018 03 23 10 50 322  5.4  6.2  0.61 10.00  4.57  84 1012.6   1.9   3.4 999.0 99.0 99.00
2018 03 23 11 50 320  5.0  5.8  0.55  5.00  4.17  80 1013.2   2.4   3.5 999.0 99.0 99.00
2018 03 23 12 50 317  5.0  5.8  0.51 10.81  4.18 107 1013.4   2.3   3.5 999.0 99.0 99.00
2018 03 23 13 50 322  4.4  5.2  0.41  5.26  3.74  93 1013.4   2.5   3.6 999.0 99.0 99.00
2018 03 23 14 50 340  4.4  5.1  0.34 10.00  3.40  67 1013.4   3.1   3.7 999.0 99.0 99.00
2018 03 23 15 50 342  4.2  4.9  0.32  5.26  3.54  79 1013.1   3.2   3.6 999.0 99.0 99.00
2018 03 23 16 50 336  3.7  4.2  0.32  5.26  3.47  83 1013.2   3.5   3.6 999.0 99.0 99.00
2018 03 23 17 50 338  5.4  6.1  0.29  5.00  3.60  87 1013.1   3.5   3.6 999.0 99.0 99.00
2018 03 23 18 50 340  4.2  4.9  0.33 10.00  3.31  30 1013.1   3.7   3.6 999.0 99.0 99.00
2018 03 23 19 50 348  4.4  5.6  0.40  8.33  4.41  80 1013.3   3.7   3.7 999.0 99.0 99.00
2018 03 23 20 50   6  3.1  3.7  0.52  8.33  4.27  88 1013.6   3.5   3.7 999.0 99.0 99.00
2018 03 23 21 50  56  4.0  4.7  0.48  7.14  4.01  73 1013.8   3.3   3.7 999.0 99.0 99.00
2018 03 23 22 50  72  3.8  4.3  0.39  3.70  4.02  83 1014.4   2.8   3.7 999.0 99.0 99.00
2018 03 23 23 50 107  1.0  1.6  0.35  8.33  4.15  84 1014.8   2.8   3.7 999.0 99.0 99.00
2018 03 24 00 50 218  1.0  1.2  0.32  7.69  4.42  70 1015.5   2.8   3.7 999.0 99.0 99.00
2018 03 24 01 50 232  1.6  1.9  0.31  4.76  4.59 353 1015.6   2.7   3.7 999.0 99.0 99.00
2018 03 24 02 50 269  1.5  1.7  0.26 10.00  4.83 254 1015.4   2.7   3.7 999.0 99.0 99.00
2018 03 24 03 50 265  2.7  3.2  0.25 99.00  4.71 999 1015.2   2.7   3.7 999.0 99.0 99.00
2018 03 24 04 50 265  1.4  2.1  0.22 99.00  4.43 999 1015.2   2.7   3.7 999.0 99.0 99.00
2018 03 24 05 50 269  3.0  3.4  0.20 99.00  4.56 999 1015.0   2.8   3.6 999.0 99.0 99.00
2018 03 24 06 50 273  2.9  3.4  0.20 99.00  5.00 999 1014.8   2.7   3.5 999.0 99.0 99.00
2018 03 24 07 50 280  2.5  2.9  0.27  9.09  5.36  84 1014.2   2.7   3.5 999.0 99.0 99.00
2018 03 24 08 50 319  3.9  4.7  0.35  9.09  4.84  81 1014.3   2.6   3.5 999.0 99.0 99.00
2018 03 24 09 50 348  4.2  4.9  0.32  4.35  4.20  93 1014.3   2.3   3.5 999.0 99.0 99.00
2018 03 24 10 50 353  5.2  6.2  0.26 10.00  3.54  49 1014.7   2.9   3.6 999.0 99.0 99.00
2018 03 24 11 50 340  3.5  4.2  0.25  2.60  3.37 323 1015.5   3.0   3.7 999.0 99.0 99.00
2018 03 24 12 50 344  5.9  7.0  0.23 99.00  3.08 999 1015.5   3.2   3.6 999.0 99.0 99.00
2018 03 24 13 50 334  5.4  6.7  0.33  2.74  3.09 333 1015.9   3.2   3.6 999.0 99.0 99.00
2018 03 24 14 50 347  6.2  7.3  0.37  2.94  3.00 338 1015.7   3.5   3.6 999.0 99.0 99.00
2018 03 24 15 50 339  5.9  7.0  0.44  2.94  2.98 354 1015.6   3.8   3.8 999.0 99.0 99.00
2018 03 24 16 50 335  5.0  5.8  0.35  2.94  2.91   4 1015.8   3.9   3.9 999.0 99.0 99.00
2018 03 24 17 50 332  5.2  6.2  0.31  2.60  2.84 355 1015.7   4.0   3.9 999.0 99.0 99.00
2018 03 24 18 50 334  5.6  6.8  0.35  2.74  2.78 355 1015.7   4.2   3.8 999.0 99.0 99.00
2018 03 24 19 50 339  6.1  7.3  0.39  2.86  2.86   6 1015.6   4.0   3.8 999.0 99.0 99.00
2018 03 24 20 50 354  6.1  7.3  0.42  3.03  3.10   7 1015.6   4.2   3.8 999.0 99.0 99.00
2018 03 24 21 50 355  4.7  5.6  0.49  3.33  3.31  17 1016.1   4.0   3.8 999.0 99.0 99.00
2018 03 24 22 50 356  4.7  5.7  0.35  3.03  3.19 357 1016.8   4.0   3.8 999.0 99.0 99.00
2018 03 24 23 50 358  4.5  5.1  0.32  2.74  2.94 346 1017.5   3.7   3.9 999.0 99.0 99.00
2018 03 25 00 50   6  3.8  4.3  0.26  2.74  2.92   1 1018.5   3.5   3.7 999.0 99.0 99.00
2018 03 25 01 50   4  4.4  5.2  0.29  4.76  3.04 333 1018.7   3.2   3.6 999.0 99.0 99.00
2018 03 25 02 50  14  4.3  5.2  0.24 99.00  3.12 999 1019.2   3.3   3.6 999.0 99.0 99.00
2018 03 25 03 50  41  7.3  9.7  0.24 99.00  3.20 999 1019.5   3.3   3.7 999.0 99.0 99.00
2018 03 25 04 50  28  6.0  6.9  0.36  3.13  3.19  63 1020.2   2.9   3.7 999.0 99.0 99.00
2018 03 25 05 50  21  6.7  7.7  0.45  3.57  3.35  60 1021.0   2.5   3.8 999.0 99.0 99.00
2018 03 25 06 50  11  5.7  7.5  0.44  3.70  3.32  77 1021.4   1.9   3.8 999.0 99.0 99.00
2018 03 25 07 50  21  7.1  8.3  0.42  3.23  3.24  62 1021.7   1.2   3.7 999.0 99.0 99.00
2018 03 25 08 50  29  6.3  7.6  0.49  4.76  3.41  90 1022.4   1.4   3.7 999.0 99.0 99.00
2018 03 25 09 50  23  8.6 10.4  0.67  5.00  3.42  81 1022.8   2.0   3.7 999.0 99.0 99.00
2018 03 25 10 50  27 11.1 13.7  0.87  3.45  3.60  46 1023.6   1.6   3.7 999.0 99.0 99.00
2018 03 25 11 50  23 10.9 14.0  1.12  3.70  3.75  36 1024.7   1.6   3.6 999.0 99.0 99.00
2018 03 25 12 50  22 11.1 14.0  1.11  4.17  3.76  43 1025.3   2.5   3.6 999.0 99.0 99.00
2018 03 25 13 50  12 10.6 13.0  1.17  4.17  3.88  36 1026.3   2.1   3.7 999.0 99.0 99.00
2018 03 25 14 50  20 12.7 15.4  1.22  4.17  3.97  50 1027.0   1.7   3.7 999.0 99.0 99.00
2018 03 25 15 50  16 10.4 12.5  1.04  4.00  3.86  38 1027.8   2.5   3.8 999.0 99.0 99.00
2018 03 25 16 50  16 11.2 13.8  1.01  4.35  3.89  35 1028.5   1.8   3.8 999.0 99.0 99.00
2018 03 25 17 50  15 10.5 12.7  0.98  4.35  3.90  31 1028.8   1.9   3.8 999.0 99.0 99.00
2018 03 25 18 50  11 10.7 12.9  1.07  4.00  4.02  38 1029.1   1.1   3.7 999.0 99.0 99.00
2018 03 25 19 50  23 12.1 15.2  1.04  4.55  4.05  38 1029.3   1.7   3.8 999.0 99.0 99.00
2018 03 25 20 50  17 11.7 13.6  1.24  4.55  4.14  41 1029.8   1.7   3.9 999.0 99.0 99.00
2018 03 25 21 50  17 12.9 15.7  1.33  4.55  4.14  35 1030.6   1.1   3.9 999.0 99.0 99.00
2018 03 25 22 50  28 12.5 14.7  1.26  4.35  4.00  38 1031.3   1.6   3.8 999.0 99.0 99.00
2018 03 25 23 50  17  9.8 11.6  1.21  4.00  4.02  42 1032.2   1.5   3.7 999.0 99.0 99.00
2018 03 26 00 50  19 10.3 11.7  1.20  4.35  4.03  54 1033.1   1.6   3.7 999.0 99.0 99.00
2018 03 26 01 50  19 10.5 13.3  1.22  4.00  3.90  39 1033.3   2.0   3.9 999.0 99.0 99.00
2018 03 26 02 50  29 11.6 14.1  1.15  4.17  3.86  43 1033.4   2.2   3.8 999.0 99.0 99.00
2018 03 26 03 50  28 12.0 14.5  1.20  4.35  3.86  55 1033.5   2.1   3.8 999.0 99.0 99.00
2018 03 26 04 50  37 11.9 13.8  1.16  4.00  3.98  45 1033.9   2.1   3.7 999.0 99.0 99.00
2018 03 26 05 50  26 11.6 14.3  1.04  4.55  4.02  48 1034.2   2.0   3.7 999.0 99.0 99.00
2018 03 26 06 50  26 11.5 13.3  1.15  4.55  4.15  40 1034.2   1.8   3.8 999.0 99.0 99.00
2018 03 26 07 50  19 10.5 12.1  1.00  4.17  4.07  51 1034.3   1.8   3.7 999.0 99.0 99.00
2018 03 26 08 50  35 11.8 13.7  1.05  4.35  4.03  52 1034.3   1.7   3.7 999.0 99.0 99.00
2018 03 26 09 50  31 11.3 13.2  1.09  4.17  4.03  49 1034.9   1.7   3.6 999.0 99.0 99.00
2018 03 26 10 50  30 11.1 12.8  1.20  4.17  3.99  47 1035.6   1.7   3.6 999.0 99.0 99.00
2018 03 26 11 50  28 11.6 13.9  1.16  4.00  3.79  41 1036.3   2.2   3.6 999.0 99.0 99.00
2018 03 26 12 50  30 11.3 13.8  1.26  4.35  4.05  53 1037.0   2.2   3.7 999.0 99.0 99.00
2018 03 26 13 50  32 11.0 13.6  1.20  4.55  4.00  60 1037.6   2.2   3.7 999.0 99.0 99.00
2018 03 26 14 50  34 11.6 13.3  1.20  4.00  3.98  39 1038.0   2.1   3.7 999.0 99.0 99.00
2018 03 26 15 50  27 11.1 13.5  1.09  4.17  3.83  30 1038.5   1.9   3.8 999.0 99.0 99.00
2018 03 26 16 50  24 11.3 13.4  1.09  4.17  3.88  39 1038.5   2.0   3.8 999.0 99.0 99.00
2018 03 26 17 50  24 10.4 12.0  1.12  4.35  3.95  32 1038.4   1.9   3.9 999.0 99.0 99.00
2018 03 26 18 50  24 11.1 12.7  1.02  4.35  4.02  45 1038.2   2.1   3.8 999.0 99.0 99.00
2018 03 26 19 50  24 11.0 13.2  0.95  4.17  3.93  41 1037.9   1.8   3.9 999.0 99.0 99.00
2018 03 26 20 50  26 10.4 11.9  0.94  4.35  4.00  48 1037.6   1.8   3.9 999.0 99.0 99.00
2018 03 26 21 50  24 10.2 12.1  0.97  4.17  3.99  45 1037.7   1.5   3.9 999.0 99.0 99.00
2018 03 26 22 50  15 10.0 11.9  1.05  4.35  4.06  38 1037.9   1.3   3.9 999.0 99.0 99.00
2018 03 26 23 50  32  9.6 11.4  1.02  4.00  3.92  45 1038.2   1.2   3.9 999.0 99.0 99.00
2018 03 27 00 50  27  9.4 11.5  1.03  4.00  3.81  51 1038.4   1.4   3.8 999.0 99.0 99.00
2018 03 27 01 50  33  9.3 11.0  0.97  3.70  3.75  39 1038.5   1.6   3.9 999.0 99.0 99.00
2018 03 27 02 50  36  8.8 10.7  1.01  3.70  3.82  47 1038.0   1.7   3.9 999.0 99.0 99.00
2018 03 27 03 50  38  8.3 10.0  0.86  3.57  3.70  43 1038.0   1.8   3.9 999.0 99.0 99.00
2018 03 27 04 50  30  7.6  9.0  0.79  3.45  3.72  42 1037.4   2.1   3.9 999.0 99.0 99.00
2018 03 27 05 50  13  6.4  7.7  0.70  3.57  3.66  48 1036.5   1.9   3.9 999.0 99.0 99.00
2018 03 27 06 50  11  6.2  7.2  0.55  3.33  3.71  64 1035.7   1.8   3.9 999.0 99.0 99.00
2018 03 27 07 50  11  6.1  7.4  0.49  3.85  3.80  87 1034.8   1.9   3.8 999.0 99.0 99.00
2018 03 27 08 50   2  6.6  7.4  0.48  4.55  3.72  87 1034.3   2.1   3.8 999.0 99.0 99.00
2018 03 27 09 50   8  6.8  8.0  0.50  5.56  3.68  83 1034.1   2.3   3.7 999.0 99.0 99.00
2018 03 27 10 50  28  9.8 11.6  0.62  3.03  3.66  42 1033.8   3.1   3.7 999.0 99.0 99.00
2018 03 27 11 50  16  8.3 10.0  0.88  3.45  3.88  54 1034.2   3.4   3.7 999.0 99.0 99.00
2018 03 27 12 50  19  8.8 10.2  0.91  3.57  3.87  51 1033.6   3.5   3.7 999.0 99.0 99.00
2018 03 27 13 50  21  8.1  9.7  0.98  3.33  3.85  48 1033.3   3.5   3.8 999.0 99.0 99.00
2018 03 27 14 50  31  8.5 10.1  0.98  3.85  3.89  53 1032.3   3.5   3.9 999.0 99.0 99.00
2018 03 27 15 50  15  6.3  7.4  0.98  4.00  3.82  50 1032.0   3.6   3.9 999.0 99.0 99.00
2018 03 27 16 50  12  8.9 10.6  0.81  3.70  3.78  40 1030.4   3.9   4.0 999.0 99.0 99.00
2018 03 27 17 50  10  7.1  8.4  0.77  3.33  3.63  21 1029.4   4.1   4.0 999.0 99.0 99.00
2018 03 27 18 50 353  7.3  8.6  0.76  3.33  3.69  33 1028.9   4.2   4.1 999.0 99.0 99.00
2018 03 27 19 50 347  9.0 10.8  0.75  3.70  3.58  35 1028.2   3.8   4.2 999.0 99.0 99.00
2018 03 27 20 50 346  9.0 10.7  0.77  3.45  3.52  13 1026.6   3.4   4.2 999.0 99.0 99.00
2018 03 27 21 50 346  8.7 10.2  0.82  3.70  3.62  13 1025.6   3.1   4.1 999.0 99.0 99.00
2018 03 27 22 50 351  8.3  9.9  0.78  3.85  3.64  16 1025.0   2.8   4.0 999.0 99.0 99.00
2018 03 27 23 50 346  8.2  9.5  0.82  3.57  3.78   3 1024.5   2.6   4.0 999.0 99.0 99.00
2018 03 28 00 50 349  7.6  8.9  0.87  3.45  3.82  16 1023.9   2.6   4.0 999.0 99.0 99.00
2018 03 28 01 50 350  7.1  8.1  0.92  3.13  3.99   2 1023.5   2.8   4.0 999.0 99.0 99.00
2018 03 28 02 50 348  6.5  7.5  0.96  4.76  4.18  81 1022.7   3.0   4.1 999.0 99.0 99.00
2018 03 28 03 50 342  5.7  6.8  0.92  5.00  4.25  84 1021.6   3.1   4.0 999.0 99.0 99.00
2018 03 28 04 50 331  6.1  7.2  0.77  4.76  4.11  83 1021.2   3.3   4.0 999.0 99.0 99.00
2018 03 28 05 50 322  6.1  7.2  0.69  5.56  4.15  86 1020.1   3.2   4.0 999.0 99.0 99.00
2018 03 28 06 50 339  4.6  5.9  0.63  2.94  3.73 345 1019.1   3.1   4.0 999.0 99.0 99.00
2018 03 28 07 50 320  4.6  5.4  0.54  2.94  3.74 357 1017.8   3.0   4.0 999.0 99.0 99.00
2018 03 28 08 50 304  4.9  5.9  0.48  5.00  3.78  91 1018.3   2.9   4.1 999.0 99.0 99.00
2018 03 28 09 50 310  6.3  7.1  0.49  5.00  3.70  95 1018.5   3.1   4.1 999.0 99.0 99.00
2018 03 28 10 50 335  4.9  6.1  0.45 13.79  3.90 290 1018.4   3.5   4.0 999.0 99.0 99.00
2018 03 28 11 50 302  4.8  5.7  0.52 14.81  4.70 166 1018.5   3.3   3.9 999.0 99.0 99.00
2018 03 28 12 50 309  2.1  2.6  0.58 12.12  4.83  93 1017.5   3.4   3.9 999.0 99.0 99.00
2018 03 28 13 50 310  0.3  0.9  0.71  5.26  4.65  83 1017.6   4.1   4.2 999.0 99.0 99.00
2018 03 28 14 50 171  0.7  1.1  0.79 16.00  4.78  96 1017.5   4.3   4.2 999.0 99.0 99.00
2018 03 28 15 50 205  2.7  3.4  0.76  5.56  4.76  77 1017.0   4.0   4.2 999.0 99.0 99.00
2018 03 28 16 50 216  3.2  3.8  0.65  5.26  4.70  86 1016.7   4.5   4.3 999.0 99.0 99.00
2018 03 28 17 50 242  6.9  8.2  0.54  5.26  4.39  90 1015.7   4.2   4.3 999.0 99.0 99.00
2018 03 28 18 50 232  7.1  8.7  0.57  2.86  3.50 244 1015.5   4.2   4.3 999.0 99.0 99.00
2018 03 28 19 50 228  5.5  6.7  0.51  2.94  3.39 250 1015.1   4.3   4.3 999.0 99.0 99.00
2018 03 28 20 50 234  7.8  8.8  0.46  2.94  3.14 261 1015.1   4.3   4.4 999.0 99.0 99.00
2018 03 28 21 50 238  7.3  8.7  0.42  2.60  2.99 249 1015.3   4.3   4.3 999.0 99.0 99.00
2018 03 28 22 50 247  7.1  7.9  0.38  2.47  3.08 240 1015.6   4.0   4.2 999.0 99.0 99.00
2018 03 28 23 50 240  5.9  6.7  0.38 12.90  3.66 303 1016.0   4.0   4.2 999.0 99.0 99.00
2018 03 29 00 50 236  5.1  5.9  0.42 12.90  4.43 246 1016.5   4.1   4.2 999.0 99.0 99.00
2018 03 29 01 50 225  3.2  3.9  0.49  5.56  4.46  90 1016.6   4.0   4.2 999.0 99.0 99.00
2018 03 29 02 50 238  5.0  5.7  0.56 12.90  4.67  75 1016.6   4.1   4.2 999.0 99.0 99.00
2018 03 29 03 50 231  4.2  4.9  0.56 12.90  4.72  80 1016.3   4.1   4.2 999.0 99.0 99.00
2018 03 29 04 50 232  3.9  4.7  0.52 12.90  4.79  89 1016.9   4.1   4.2 999.0 99.0 99.00
2018 03 29 05 50 236  4.0  4.7  0.44 12.90  4.62 138 1016.9   4.1   4.2 999.0 99.0 99.00
2018 03 29 06 50 222  2.7  3.3  0.41 13.79  4.88 139 1016.9   4.1   4.3 999.0 99.0 99.00
2018 03 29 07 50 203  2.7  3.2  0.33 13.79  4.90 129 1016.4   4.1   4.2 999.0 99.0 99.00
2018 03 29 08 50 207  1.9  2.3  0.29 12.90  4.90 122 1016.6   4.0   4.2 999.0 99.0 99.00
2018 03 29 09 50 189  2.8  3.4  0.27 12.90  4.04 176 1017.3   3.9   4.2 999.0 99.0 99.00
2018 03 29 10 50 233  3.1  3.6  0.25 99.00  4.43 999 1017.5   4.1   4.1 999.0 99.0 99.00
2018 03 29 11 50 225  2.2  3.0  0.27 11.43  4.96 278 1017.9   4.8   4.1 999.0 99.0 99.00
2018 03 29 12 50 201  1.7  2.0  0.34 11.43  5.57  75 1018.1   4.9   4.2 999.0 99.0 99.00
2018 03 29 13 50 211  2.0  2.4  0.44 10.81  5.31  76 1018.9   4.7   4.4 999.0 99.0 99.00
2018 03 29 14 50 205  3.5  4.1  0.50 12.12  4.83  80 1018.5   4.7   4.5 999.0 99.0 99.00
2018 03 29 15 50 197  1.9  2.7  0.45 11.43  4.78 134 1017.9   5.0   4.5 999.0 99.0 99.00
2018 03 29 16 50 229  3.3  4.4  0.42 12.12  5.24  86 1018.3   5.1   4.7 999.0 99.0 99.00
2018 03 29 17 50 206  2.5  3.0  0.34 11.43  5.52  74 1018.5   4.9   4.6 999.0 99.0 99.00
2018 03 29 18 50 182  2.5  2.9  0.32 11.43  5.65  99 1017.9   5.0   4.5 999.0 99.0 99.00
2018 03 29 19 50 164  1.8  2.2  0.29 12.90  5.39  29 1017.5   4.9   4.6 999.0 99.0 99.00
2018 03 29 20 50 185  3.0  3.3  0.24 99.00  5.22 999 1017.3   5.2   4.6 999.0 99.0 99.00
2018 03 29 21 50 152  2.7  3.2  0.21 99.00  4.47 999 1016.7   5.4   4.6 999.0 99.0 99.00
2018 03 29 22 50 146  3.6  4.0  0.17 99.00  4.25 999 1016.3   5.9   4.5 999.0 99.0 99.00
2018 03 29 23 50 144  3.9  4.5  0.14 99.00  4.18 999 1016.3   6.0   4.4 999.0 99.0 99.00
2018 03 30 00 50 146  5.3  6.0  0.17 99.00  4.70 999 1015.5   6.2   4.4 999.0 99.0 99.00
2018 03 30 01 50 155  5.8  6.6  0.32  4.55  3.74   1 1015.0   6.6   4.4 999.0 99.0 99.00
2018 03 30 02 50 146  6.9  7.7  0.49 10.00  3.66  72 1013.9   6.7   4.4 999.0 99.0 99.00
2018 03 30 03 50 155  7.4  8.9  0.64  3.33  3.41 162 1012.8   7.3   4.4 999.0 99.0 99.00
2018 03 30 04 50 166  7.2  8.1  0.62  3.33  3.23 160 1011.9   7.1   4.5 999.0 99.0 99.00
2018 03 30 05 50 168  6.3  7.3  0.53  3.23  3.19 166 1011.3   7.4   4.5 999.0 99.0 99.00
2018 03 30 06 50 191  7.9  9.3  0.51  2.94  3.14 178 1010.1   7.9   4.4 999.0 99.0 99.00
2018 03 30 07 50 196  8.8 10.2  0.57  3.23  3.21 181 1009.0   7.6   4.4 999.0 99.0 99.00
2018 03 30 08 50 206  9.1 10.9  0.62  3.45  3.12 169 1008.1   8.1   4.4 999.0 99.0 99.00
2018 03 30 09 50 218  7.7  8.7  0.54  3.13  3.17 202 1007.5   7.9   4.5 999.0 99.0 99.00
2018 03 30 10 50 220  9.0 10.2  0.53  3.23  3.00 202 1007.7   7.6   4.6 999.0 99.0 99.00
2018 03 30 11 50 224  8.0  9.1  0.50  3.33  3.10 198 1007.7   7.1   4.5 999.0 99.0 99.00
2018 03 30 12 50 231  7.5  8.4  0.48  3.45  3.23 228 1008.0   6.3   4.5 999.0 99.0 99.00
2018 03 30 13 50 226  6.8  7.9  0.42  3.23  3.36 262 1007.7   6.0   4.5 999.0 99.0 99.00
2018 03 30 14 50 230  6.5  8.0  0.50  4.76  3.51  82 1008.1   6.3   4.5 999.0 99.0 99.00
2018 03 30 15 50 229  6.9  8.0  0.48  3.33  3.62 262 1008.4   6.1   4.5 999.0 99.0 99.00
2018 03 30 16 50 204  5.5  6.3  0.41  3.85  3.73 278 1007.2   6.1   4.7 999.0 99.0 99.00
2018 03 30 17 50 221  6.3  7.1  0.39  3.45  3.33 274 1006.6   6.9   4.6 999.0 99.0 99.00
2018 03 30 18 50 226  3.4  4.2  0.39  3.03  3.24 228 1006.0   6.3   4.6 999.0 99.0 99.00
2018 03 30 19 50 228  5.7  7.0  0.32  3.57  3.31 287 1005.8   6.5   4.6 999.0 99.0 99.00
2018 03 30 20 50 224  5.6  6.3  0.34  3.57  3.16 292 1005.5   5.9   4.6 999.0 99.0 99.00
2018 03 30 21 50 240  6.5  7.5  0.34  2.47  3.10 237 1005.8   5.7   4.6 999.0 99.0 99.00
2018 03 30 22 50 235  5.2  6.0  0.37  2.94  3.14 253 1006.3   5.2   4.7 999.0 99.0 99.00
2018 03 30 23 50 265  1.3  2.3  0.32  3.03  3.28 235 1007.0   5.2   4.7 999.0 99.0 99.00
2018 03 31 00 50 289  2.8  3.1  0.31  3.45  3.32 240 1007.9   5.3   4.7 999.0 99.0 99.00
2018 03 31 01 50 341  2.1  2.6  0.30  4.55  3.56 335 1008.7   6.1   4.6 999.0 99.0 99.00
2018 03 31 02 50 344  6.8  7.7  0.32  7.69  4.01 104 1009.9   6.3   4.6 999.0 99.0 99.00
2018 03 31 03 50 344  6.9  8.0  0.47  3.03  3.41 358 1010.2   6.0   4.6 999.0 99.0 99.00
2018 03 31 04 50 337  6.2  7.4  0.52  3.23  3.35 351 1012.0   6.1   4.7 999.0 99.0 99.00
2018 03 31 05 50 338  7.8  9.4  0.59  3.57  3.41 327 1013.1   5.0   4.6 999.0 99.0 99.00
2018 03 31 06 50 348  6.6  7.7  0.67  3.85  3.52 337 1013.2   4.9   4.6 999.0 99.0 99.00
2018 03 31 07 50 345  5.1  5.8  0.52  3.85  3.36 321 1014.2   5.1   4.6 999.0 99.0 99.00
2018 03 31 08 50 327  8.5 10.2  0.57  3.13  3.16 344 1015.7   5.3   4.6 999.0 99.0 99.00
2018 03 31 09 50 321  8.1 10.0  0.70  3.70  3.40 339 1017.5   4.8   4.6 999.0 99.0 99.00
2018 03 31 10 50 320  6.8  8.9  0.64  3.45  3.20 331 1019.5   4.5   4.5 999.0 99.0 99.00
2018 03 31 11 50 314  6.7  7.6  0.56  3.13  2.99 320 1021.1   5.0   4.5 999.0 99.0 99.00
2018 03 31 12 50 327  9.9 11.5  0.56  2.94  2.97 333 1021.9   4.9   4.6 999.0 99.0 99.00
2018 03 31 13 50 337  8.9 11.4  0.79  3.70  3.31 349 1023.0   4.8   4.6 999.0 99.0 99.00
2018 03 31 14 50 336  7.9  9.8  0.71  3.45  3.37 358 1024.2   4.9   4.6 999.0 99.0 99.00
2018 03 31 15 50 342  7.5  8.8  0.68  3.70  3.45 335 1024.3   4.9   4.7 999.0 99.0 99.00
2018 03 31 16 50  25  3.2  4.1  0.54  3.57  3.41 331 1023.8   5.0   4.8 999.0 99.0 99.00
2018 03 31 17 50  66  1.4  1.6  0.36  3.57  3.27 324 1024.2   5.2   4.9 999.0 99.0 99.00
2018 03 31 18 50 155  3.2  3.7  0.29  3.03  3.16 331 1023.1   5.1   5.0 999.0 99.0 99.00
2018 03 31 19 50 196  4.1  4.9  0.24 99.00  3.52 999 1023.4   5.3   5.1 999.0 99.0 99.00
2018 03 31 20 50 226  6.5  7.8  0.21 99.00  3.51 999 1023.9   5.3   5.1 999.0 99.0 99.00
2018 03 31 21 50 219  6.9  8.3  0.36  2.60  3.01 214 1023.2   5.3   5.1 999.0 99.0 99.00
2018 03 31 22 50 220  7.6  9.2  0.40  2.60  2.79 226 1022.7   4.8   5.0 999.0 99.0 99.00
