#YY  MM DD hh mm WDIR WSPD GST  WVHT   DPD   APD MWD   PRES  ATMP  WTMP  DEWP  VIS  TIDE
#yr  mo dy hr mn degT m/s  m/s     m   sec   sec deg    hPa  degC  degC  degC  nmi    ft
2017 12 31 23 50 306 10.6 12.9  0.85  3.57  3.15 307 1021.2 -10.0   0.9 999.0 99.0 99.00
2018 01 01 00 50 307 10.8 13.9  0.78  3.33  3.13 311 1021.3 -10.4   0.8 999.0 99.0 99.00
2018 01 01 01 50 299 10.2 13.1  0.83  3.45  3.33 301 1021.5 -11.1   0.7 999.0 99.0 99.00
2018 01 01 02 50 309 11.0 13.9  0.87  4.00  3.50 299 1021.6 -11.6   0.7 999.0 99.0 99.00
2018 01 01 03 50 321 11.3 14.0  0.92  4.17  3.78 301 1021.8 -12.0   0.7 999.0 99.0 99.00
2018 01 01 04 50 317 10.8 13.4  0.87  4.17  4.06 297 1021.9 -12.2   0.6 999.0 99.0 99.00
2018 01 01 05 50 313 10.0 11.8  1.04  4.76  4.24 285 1021.8 -12.6   0.5 999.0 99.0 99.00
2018 01 01 06 50 315 10.2 13.0  1.06  4.35  4.11 287 1022.0 -12.5   0.5 999.0 99.0 99.00
2018 01 01 07 50 305 10.4 13.0  1.07  4.55  3.91 290 1022.0 -13.4   0.7 999.0 99.0 99.00
2018 01 01 08 50 305 10.3 12.6  1.03  4.17  3.71 293 1021.7 -13.5   1.0 999.0 99.0 99.00
2018 01 01 09 50 302  9.4 12.1  0.93  3.85  3.48 305 1021.8 -14.3   0.7 999.0 99.0 99.00
2018 01 01 10 50 300  9.6 11.8  0.84  3.70  3.30 306 1022.5 -14.6   0.5 999.0 99.0 99.00
2018 01 01 11 50 295  9.6 12.1  0.76  3.45  3.14 302 1022.8 -14.9   0.4 999.0 99.0 99.00
2018 01 01 12 50 297 10.0 13.0  0.79  3.57  3.23 301 1023.1 -14.7   0.4 999.0 99.0 99.00
2018 01 01 13 50 299 10.0 12.3  0.88  3.85  3.32 310 1023.3 -14.5   0.4 999.0 99.0 99.00
2018 01 01 14 50 315  9.6 12.5  0.85  4.00  3.58 300 1023.8 -14.3   0.4 999.0 99.0 99.00
2018 01 01 15 50 318  8.9 11.4  0.73  4.17  3.69 295 1023.6 -13.6   0.3 999.0 99.0 99.00
2018 01 01 16 50 321  7.9 10.4  0.66  4.35  3.82 279 1023.0 -13.1   0.2 999.0 99.0 99.00
2018 01 01 17 50 324  8.5 11.7  0.60  4.55  3.75 265 1022.1 -11.8   0.4 999.0 99.0 99.00
2018 01 01 18 50 327  8.8 11.6  0.79  4.35  3.82 271 1022.1 -10.8   1.3 999.0 99.0 99.00
2018 01 01 19 50 309  8.7 11.6  0.80  4.35  3.72 269 1022.1  -9.9   1.8 999.0 99.0 99.00
2018 01 01 20 50 298  8.3 11.4  0.90  4.35  3.57 275 1022.5  -9.4   1.8 999.0 99.0 99.00
2018 01 01 21 50 302 10.1 12.5  0.82  3.33  3.31 304 1022.9  -9.6   1.3 999.0 99.0 99.00
2018 01 01 22 50 297  9.7 12.8  0.81  4.00  3.25 275 1023.8  -9.8   0.9 999.0 99.0 99.00
2018 01 01 23 50 297 12.4 15.3  0.84  3.85  3.15 290 1024.0  -9.9   0.7 999.0 99.0 99.00
2018 01 02 00 50 319 12.7 16.0  1.12  3.85  3.40 298 1024.8 -10.4   0.4 999.0 99.0 99.00
2018 01 02 01 50 315 12.3 14.7  1.24  3.85  3.57 301 1025.0 -10.9   0.2 999.0 99.0 99.00
2018 01 02 02 50 315 12.4 14.9  1.07  4.35  3.62 307 1025.3 -10.6   0.1 999.0 99.0 99.00
2018 01 02 03 50 312 10.8 12.9  0.99  4.17  3.81 292 1025.6 -10.5   0.1 999.0 99.0 99.00
2018 01 02 04 50 317  9.8 11.8  0.85  4.55  3.94 281 1025.2 -10.2  -0.1 999.0 99.0 99.00
2018 01 02 05 50 309  8.5  9.7  0.72  4.35  3.86 273 1024.8 -10.1  -0.1 999.0 99.0 99.00
2018 01 02 06 50 306  8.3 10.9  0.65  4.17  3.76 270 1024.5  -9.5   0.6 999.0 99.0 99.00
2018 01 02 07 50 302  8.7 11.0  0.71  4.00  3.75 265 1024.4  -8.9   1.1 999.0 99.0 99.00
2018 01 02 08 50 286  8.4 10.5  0.75  4.17  3.60 263 1024.2  -8.4   1.5 999.0 99.0 99.00
2018 01 02 09 50 293 10.3 12.8  0.84  4.17  3.47 277 1024.2  -8.4   1.6 999.0 99.0 99.00
2018 01 02 10 50 289 10.6 12.6  0.83  4.00  3.37 273 1024.6  -8.8   1.1 999.0 99.0 99.00
2018 01 02 11 50 291 10.1 12.4  0.88  3.70  3.25 293 1025.2  -9.6   0.5 999.0 99.0 99.00
2018 01 02 12 50 295 11.0 13.4  0.87  3.85  3.21 278 1025.8 -10.6   0.2 999.0 99.0 99.00
2018 01 02 13 50 314 11.5 14.4  0.88  3.85  3.29 303 1026.3 -10.8  -0.1 999.0 99.0 99.00
2018 01 02 14 50 314 10.9 12.4  0.92  4.17  3.53 302 1026.7 -10.8  -0.1 999.0 99.0 99.00
2018 01 02 15 50 307  7.8 10.3  0.76  4.00  3.57 297 1026.3 -10.4  -0.2 999.0 99.0 99.00
2018 01 02 16 50 313  7.7  9.4  0.59  4.17  3.63 279 1025.6 -10.3  -0.3 999.0 99.0 99.00
2018 01 02 17 50 298  7.1  9.0  0.48  4.00  3.58 274 1024.8  -9.5   0.2 999.0 99.0 99.00
2018 01 02 18 50 290  7.7 10.1  0.50  4.35  3.59 265 1024.6  -8.6   1.2 999.0 99.0 99.00
2018 01 02 19 50 284  6.9  9.1  0.56  3.70  3.63 270 1024.9  -7.8   1.9 999.0 99.0 99.00
2018 01 02 20 50 296  7.9  9.7  0.57  3.85  3.46 261 1025.0  -7.4   2.1 999.0 99.0 99.00
2018 01 02 21 50 272  7.6  9.5  0.61  4.00  3.22 279 1024.8  -6.2   2.2 999.0 99.0 99.00
2018 01 02 22 50 265  7.7  9.0  0.59  3.45  3.02 281 1025.2  -5.9   1.7 999.0 99.0 99.00
2018 01 02 23 50 251  6.6  8.0  0.55  3.33  2.90 265 1025.7  -5.6   1.4 999.0 99.0 99.00
2018 01 03 00 50 249  6.3  7.5  0.43  3.13  2.80 268 1025.7  -4.7   1.0 999.0 99.0 99.00
2018 01 03 01 50 247  7.9  9.8  0.36  3.13  2.70 304 1025.2  -3.5   0.1 999.0 99.0 99.00
2018 01 03 02 50 256  5.2  6.5  0.40  2.86  2.69 291 1025.1  -3.5  -0.2 999.0 99.0 99.00
2018 01 03 03 50 249  8.1  9.8  0.42  2.60  2.77 281 1024.6  -2.5  -0.2 999.0 99.0 99.00
2018 01 03 04 50 295  7.5  9.1  0.45  3.33  3.11 233 1024.5  -3.1  -0.3 999.0 99.0 99.00
2018 01 03 05 50 298  9.8 11.4  0.56  3.57  3.36 264 1024.4  -3.7  -0.4 999.0 99.0 99.00
2018 01 03 06 50 304  8.0  9.4  0.79  4.55  4.06 272 1025.1  -4.2   0.3 999.0 99.0 99.00
2018 01 03 07 50 304  7.4  8.7  0.68  4.35  4.02 271 1025.5  -4.7   0.5 999.0 99.0 99.00
2018 01 03 08 50 289  6.1  7.6  0.65  4.35  3.76 267 1025.5  -4.9  -0.1 999.0 99.0 99.00
2018 01 03 09 50 263  6.2  8.0  0.57  4.35  3.41 264 1025.6  -4.4   0.1 999.0 99.0 99.00
2018 01 03 10 50 248  6.2  7.2  0.47  2.74  2.93 278 1026.1  -4.5   0.8 999.0 99.0 99.00
2018 01 03 11 50 258  5.1  6.2  0.35  3.03  2.81 258 1026.4  -4.5   1.1 999.0 99.0 99.00
2018 01 03 12 50 274  4.4  5.4  0.28  2.86  2.83 261 1026.6  -4.1   0.6 999.0 99.0 99.00
2018 01 03 13 50 261  4.0  4.9  0.23 99.00  2.94 999 1027.1  -3.5  -0.1 999.0 99.0 99.00
2018 01 03 14 50 244  4.0  5.0  0.22 99.00  3.28 999 1027.5  -3.3  -0.2 999.0 99.0 99.00
2018 01 03 15 50 238  3.1  4.1  0.22 99.00  3.73 999 1027.0  -2.9  -0.2 999.0 99.0 99.00
2018 01 03 16 50 229  2.7  4.1  0.24 99.00  4.02 999 1026.0  -2.2  -0.2 999.0 99.0 99.00
2018 01 03 17 50 236  5.6  6.6  0.26  2.74  3.15 224 1025.1  -1.0  -0.3 999.0 99.0 99.00
2018 01 03 18 50 229  6.4  7.5  0.29  2.94  3.16 222 1024.8  -0.4   0.3 999.0 99.0 99.00
2018 01 03 19 50 229  4.5  5.2  0.28  3.45  3.16 264 1024.7   0.1   0.0 999.0 99.0 99.00
2018 01 03 20 50 228  2.7  3.4  0.24 99.00  3.07 999 1023.9   0.4   0.3 999.0 99.0 99.00
2018 01 03 21 50 205  1.7  2.1  0.25  3.57  3.22 278 1022.9  -0.3   0.7 999.0 99.0 99.00
2018 01 03 22 50 194  2.0  2.4  0.22 99.00  3.12 999 1023.7  -0.2   0.7 999.0 99.0 99.00
2018 01 03 23 50 155  1.8  2.3  0.20 99.00  3.24 999 1023.9  -0.2   0.4 999.0 99.0 99.00
2018 01 04 00 50 122  2.3  2.9  0.19 99.00  2.91 999 1023.2   0.1   0.4 999.0 99.0 99.00
2018 01 04 01 50  63  1.0  1.4  0.16 99.00  3.23 999 1022.1   0.4   0.8 999.0 99.0 99.00
2018 01 04 02 50  84  2.0  2.4  0.16 99.00  3.43 999 1021.9   0.6   0.5 999.0 99.0 99.00
2018 01 04 03 50  19  2.3  2.8  0.14 99.00  3.55 999 1019.8   0.0  -0.2 999.0 99.0 99.00
2018 01 04 04 50  29  3.1  3.8  0.18 99.00  4.22 999 1018.1  -0.3  -0.2 999.0 99.0 99.00
2018 01 04 05 50  75  4.9  5.3  0.21 99.00  3.87 999 1016.2   1.4  -0.2 999.0 99.0 99.00
2018 01 04 06 50  67  6.3  7.1  0.25 99.00  2.83 999 1013.9   2.0   0.1 999.0 99.0 99.00
2018 01 04 07 50  64  6.9  8.0  0.42  2.86  2.75  75 1011.4   2.8  -0.2 999.0 99.0 99.00
2018 01 04 08 50  57  9.0 10.9  0.47  3.03  2.88  74 1008.2   3.7  -0.1 999.0 99.0 99.00
2018 01 04 09 50  62 10.7 12.5  0.67  4.00  3.09  82 1006.3   4.4   0.4 999.0 99.0 99.00
2018 01 04 10 50  55 12.1 15.0  1.01  4.76  3.69  75 1002.0   4.8   0.9 999.0 99.0 99.00
2018 01 04 11 50  51 14.0 17.0  1.09  4.17  3.97  62  998.6   4.9   0.9 999.0 99.0 99.00
2018 01 04 12 50  58 17.4 21.3  1.47  5.26  4.34  83  995.0   4.7   1.0 999.0 99.0 99.00
2018 01 04 13 50  53 15.4 20.1  2.14  5.56  4.93  70  990.4   3.9   0.6 999.0 99.0 99.00
2018 01 04 14 50  38 16.5 22.1  2.19  5.56  5.10  49  988.0   3.2   0.4 999.0 99.0 99.00
2018 01 04 15 50  25 18.2 24.8  1.98  5.56  4.73  31  982.1   2.7   0.5 999.0 99.0 99.00
2018 01 04 16 50  18 16.3 20.0  2.16  5.26  4.74  36  979.0   2.8   0.4 999.0 99.0 99.00
2018 01 04 17 50  11 18.0 22.9  2.08  4.76  4.62  33  973.6   3.2   1.8 999.0 99.0 99.00
2018 01 04 18 50 356 18.5 23.4  2.21  5.26  4.73  23  970.1   2.3   3.0 999.0 99.0 99.00
2018 01 04 19 50 350 19.8 23.8  2.46  5.88  5.03  26  967.6   1.3   3.0 999.0 99.0 99.00
2018 01 04 20 50 349 19.4 24.5  2.79  5.88  5.22   9  966.7   1.3   4.0 999.0 99.0 99.00
2018 01 04 21 50 342 19.4 27.4  2.47  6.25  5.20   5  967.7   1.5   4.6 999.0 99.0 99.00
2018 01 04 22 50 325 17.3 21.9  2.43  5.88  5.06 349  971.1   0.6   4.7 999.0 99.0 99.00
2018 01 04 23 50 306 15.0 19.2  2.02  5.56  4.86 356  974.0  -0.5   4.7 999.0 99.0 99.00
2018 01 05 00 50 294 14.6 18.0  1.74  4.76  4.32 328  977.2  -0.4   4.7 999.0 99.0 99.00
2018 01 05 01 50 292 16.6 20.3  1.73  5.00  4.10 299  979.9  -1.0   4.6 999.0 99.0 99.00
2018 01 05 02 50 293 17.3 21.2  1.84  4.55  4.03 304  982.3  -1.8   4.0 999.0 99.0 99.00
2018 01 05 03 50 289 16.3 19.7  1.80  4.35  4.04 300  985.4  -2.2   2.5 999.0 99.0 99.00
2018 01 05 04 50 281 15.9 20.4  1.74  4.76  4.12 295  987.2  -2.3   3.1 999.0 99.0 99.00
2018 01 05 05 50 279 14.7 18.2  1.65  4.76  4.24 293  988.8  -2.5   2.9 999.0 99.0 99.00
2018 01 05 06 50 282 14.0 17.4  1.50  5.00  4.32 285  990.5  -3.1   2.9 999.0 99.0 99.00
2018 01 05 07 50 276 11.6 14.3  1.36  5.00  4.40 287  991.7  -3.5   2.7 999.0 99.0 99.00
2018 01 05 08 50 268 12.9 15.7  1.26  5.00  4.35 291  992.2  -4.1   2.9 999.0 99.0 99.00
2018 01 05 09 50 276 12.7 15.7  1.36  5.00  4.40 286  992.9  -4.2   2.9 999.0 99.0 99.00
2018 01 05 10 50 272 13.9 17.0  1.29  5.00  4.27 287  993.7  -4.6   3.1 999.0 99.0 99.00
2018 01 05 11 50 275 15.6 18.9  1.46  4.76  4.18 287  994.4  -5.4   2.6 999.0 99.0 99.00
2018 01 05 12 50 274 15.3 18.7  1.53  5.00  4.03 294  995.7  -6.5   2.8 999.0 99.0 99.00
2018 01 05 13 50 283 16.1 19.4  1.46  4.55  3.84 296  997.2  -7.6   2.6 999.0 99.0 99.00
2018 01 05 14 50 278 15.4 18.1  1.52  4.76  3.86 296  998.2  -7.7   2.4 999.0 99.0 99.00
2018 01 05 15 50 280 15.7 19.0  1.67  4.76  3.89 304  998.3  -7.6   2.3 999.0 99.0 99.00
2018 01 05 16 50 272 15.4 18.8  1.59  4.55  3.94 286  998.3  -7.7   0.9 999.0 99.0 99.00
2018 01 05 17 50 272 14.8 18.0  1.59  4.76  4.08 280  998.8  -8.0   0.1 999.0 99.0 99.00
2018 01 05 18 50 278 16.0 19.7  1.62  5.00  4.33 277  999.4  -8.2   0.2 999.0 99.0 99.00
2018 01 05 19 50 280 15.4 18.8  1.56  5.26  4.53 287 1000.0  -7.7   0.6 999.0 99.0 99.00
2018 01 05 20 50 283 15.9 18.8  1.60  5.56  4.70 291 1001.0  -7.7   1.2 999.0 99.0 99.00
2018 01 05 21 50 279 15.5 18.6  1.85  5.56  4.81 285 1002.4  -7.8   2.0 999.0 99.0 99.00
2018 01 05 22 50 279 17.3 20.3  1.75  5.26  4.61 293 1003.7  -8.3   2.3 999.0 99.0 99.00
2018 01 05 23 50 283 16.6 20.7  1.64  5.56  4.36 285 1005.0  -8.9   2.2 999.0 99.0 99.00
2018 01 06 00 50 283 17.1 20.7  1.70  5.00  4.22 295 1005.9  -9.4   2.1 999.0 99.0 99.00
2018 01 06 01 50 283 16.1 20.9  1.74  4.76  4.11 293 1007.1 -10.1   1.2 999.0 99.0 99.00
2018 01 06 02 50 276 15.6 19.2  1.75  4.76  4.05 297 1007.9 -10.3   0.9 999.0 99.0 99.00
2018 01 06 03 50 272 16.2 19.6  1.66  4.55  3.98 294 1008.2 -10.7  -0.1 999.0 99.0 99.00
2018 01 06 04 50 272 16.3 20.2  1.82  4.76  4.02 280 1008.8 -10.5  -0.3 999.0 99.0 99.00
2018 01 06 05 50 273 16.8 19.7  1.65  5.00  4.08 275 1008.9 -10.6  -0.7 999.0 99.0 99.00
2018 01 06 06 50 273 15.9 19.9  1.67  5.00  4.27 284 1010.2 -10.6  -0.7 999.0 99.0 99.00
2018 01 06 07 50 273 15.6 21.6  1.74  5.56  4.62 271 1011.1 -10.5  -0.8 999.0 99.0 99.00
2018 01 06 08 50 271 16.3 20.3  1.81  5.26  4.87 266 1011.1 -10.5  -0.6 999.0 99.0 99.00
2018 01 06 09 50 278 15.9 20.1  1.79  5.26  4.77 266 1012.1 -10.8  -0.6 999.0 99.0 99.00
2018 01 06 10 50 271 14.9 17.7  1.58  5.26  4.62 276 1013.1 -10.8  -0.4 999.0 99.0 99.00
2018 01 06 11 50 270 14.0 17.6  1.58  5.00  4.43 283 1014.3 -11.0  -0.1 999.0 99.0 99.00
2018 01 06 12 50 266 13.0 15.6  1.42  4.76  4.08 261 1015.5 -11.1  -0.4 999.0 99.0 99.00
2018 01 06 13 50 261 13.7 17.1  1.39  4.35  3.90 101 1015.8 -10.8  -0.8 999.0 99.0 99.00
2018 01 06 14 50 266 14.0 17.8  1.47  4.35  3.81  93 1015.7 -10.4  -0.9 999.0 99.0 99.00
2018 01 06 15 50 277 14.2 18.5  1.45  4.55  3.82  49 1015.3 -10.6  -0.9 999.0 99.0 99.00
2018 01 06 16 50 280 14.1 17.5  1.44  4.76  3.88 255 1014.8 -10.8  -1.0 999.0 99.0 99.00
2018 01 06 17 50 279 13.7 16.7  1.40  4.35  3.84 274 1014.6  -9.8  -1.0 999.0 99.0 99.00
2018 01 06 18 50 281 13.1 15.9  1.52  4.76  4.09 255 1015.3  -9.3  -1.0 999.0 99.0 99.00
2018 01 06 19 50 999 99.0 99.0  1.40  4.55  4.08 248 1015.8  -7.9  -1.1 999.0 99.0 99.00
2018 01 06 20 50 296 12.1 14.8 99.00 99.00 99.00 999 1016.8  -9.6  -1.1 999.0 99.0 99.00
2018 01 06 21 50 287 12.5 15.4  1.26  5.00  4.37 283 1017.7  -9.5  -1.1 999.0 99.0 99.00
2018 01 06 22 50 298 12.8 15.2  1.41  5.26  4.47 278 1019.2 -10.0  -1.3 999.0 99.0 99.00
2018 01 06 23 50 299 13.1 15.9  1.27  5.00  4.26 291 1020.2 -10.5  -1.3 999.0 99.0 99.00
2018 01 07 00 50 294 12.6 15.6  1.33  4.76  4.09 277 1021.0 -10.6  -1.2 999.0 99.0 99.00
2018 01 07 01 50 296 12.6 15.6  1.08  3.85  3.66 299 1021.8 -11.2  -1.2 999.0 99.0 99.00
2018 01 07 02 50 299 13.2 16.3  1.05  4.76  3.57 283 1022.4 -11.8  -1.3 999.0 99.0 99.00
2018 01 07 03 50 303 12.1 15.1  1.04  3.85  3.45 291 1023.1 -12.2  -1.3 999.0 99.0 99.00
2018 01 07 04 50 307 12.0 14.6  0.94  4.00  3.37 287 1023.2 -12.9  -1.4 999.0 99.0 99.00
2018 01 07 05 50 314 11.9 15.1  0.97  4.17  3.43 285 1024.1 -13.4  -1.3 999.0 99.0 99.00
2018 01 07 06 50 312 12.4 14.8  0.85  4.00  3.51 292 1025.3 -14.0  -1.2 999.0 99.0 99.00
2018 01 07 07 50 315 11.0 13.9  0.95  4.00  3.72 296 1026.6 -14.9  -1.2 999.0 99.0 99.00
2018 01 07 08 50 319 11.9 14.7  0.91  4.55  4.00 285 1027.1 -15.8  -1.4 999.0 99.0 99.00
2018 01 07 09 50 322 10.8 13.2  0.74  4.76  4.14 280 1028.3 -16.4  -1.7 999.0 99.0 99.00
2018 01 07 10 50 320  9.4 12.1  0.32  5.00  4.93 270 1029.7 -16.7  -1.8 999.0 99.0 99.00
2018 01 07 11 50 316  9.3 11.1  0.13 99.00  5.03 999 1030.3 -16.3 999.0 999.0 99.0 99.00
2018 01 07 12 50 320  9.7 12.2  0.04 99.00  5.75 999 1031.5 -16.5 999.0 999.0 99.0 99.00
2018 01 07 13 50 322  8.1 10.1  0.06 99.00  6.07 999 1032.5 -16.0 999.0 999.0 99.0 99.00
2018 01 07 14 50 311  5.9  7.4  0.04 99.00  7.21 999 1033.3 -15.0 999.0 999.0 99.0 99.00
2018 01 07 15 50 322  3.9  5.7  0.05 99.00  7.14 999 1033.1 -13.6 999.0 999.0 99.0 99.00
2018 01 07 16 50 315  2.5  4.6  0.04 99.00  7.14 999 1032.1 -12.9 999.0 999.0 99.0 99.00
2018 01 07 17 50 257  2.4  3.9  0.02 99.00  7.14 999 1031.8 -12.4 999.0 999.0 99.0 99.00
2018 01 07 18 50 265  2.8  3.9  0.03 99.00  7.14 999 1031.5 -11.3 999.0 999.0 99.0 99.00
2018 01 07 19 50 254  4.0  5.8  0.08 99.00  6.24 999 1031.7 -10.1 999.0 999.0 99.0 99.00
2018 01 07 20 50 241  3.7  5.3  0.10 99.00  6.38 999 1031.7  -9.7  -1.8 999.0 99.0 99.00
2018 01 07 21 50 237  2.5  3.7  0.02 99.00  7.14 999 1031.3  -9.4 999.0 999.0 99.0 99.00
2018 01 07 22 50 251  4.6  5.9  0.02 99.00  7.14 999 1031.1  -8.8  -1.8 999.0 99.0 99.00
2018 01 07 23 50 232  3.8  5.7  0.02 99.00  7.14 999 1030.8  -7.2  -1.8 999.0 99.0 99.00
2018 01 08 00 50 239  6.9  8.8  0.03 99.00  7.14 999 1030.3  -5.5  -1.8 999.0 99.0 99.00
2018 01 08 01 50 235  8.9 11.7  0.02 99.00  7.14 999 1029.6  -4.8  -1.8 999.0 99.0 99.00
2018 01 08 02 50 235  5.7  8.2  0.15 99.00  3.83 999 1028.7  -3.5  -1.8 999.0 99.0 99.00
2018 01 08 03 50 224  7.4  9.0  0.77  3.57  3.14 257 1028.1  -2.3  -1.8 999.0 99.0 99.00
2018 01 08 04 50 222  7.3  8.9  0.73  3.45  3.04 268 1026.8  -1.4  -1.8 999.0 99.0 99.00
2018 01 08 05 50 227  6.5  9.1  0.86  3.33  3.02 262 1025.8  -1.1  -1.8 999.0 99.0 99.00
2018 01 08 06 50 228  7.8 11.0  0.93  3.33  3.24 258 1025.4  -0.6  -1.8 999.0 99.0 99.00
2018 01 08 07 50 236 10.1 13.0  0.94  4.00  3.35 263 1024.9  -0.3  -1.8 999.0 99.0 99.00
2018 01 08 08 50 242 11.5 14.8  1.10  4.35  3.69 230 1024.7  -0.7  -1.8 999.0 99.0 99.00
2018 01 08 09 50 251 11.6 14.4  1.30  4.35  4.14 248 1024.4  -0.8  -1.8 999.0 99.0 99.00
2018 01 08 10 50 249 11.2 13.4  1.00  4.76  3.90 241 1024.3  -0.9  -1.8 999.0 99.0 99.00
2018 01 08 11 50 237 12.0 15.5  1.00  4.55  3.91 268 1024.1  -0.3  -1.8 999.0 99.0 99.00
2018 01 08 12 50 247 11.8 13.8  0.93  4.76  3.88 271 1024.3  -0.3  -1.8 999.0 99.0 99.00
2018 01 08 13 50 246 10.7 12.8  0.98  4.35  3.82 257 1024.3  -0.1  -1.8 999.0 99.0 99.00
2018 01 08 14 50 240  8.6 10.1  0.87  4.35  3.59 256 1024.4   0.4  -1.8 999.0 99.0 99.00
2018 01 08 15 50 231  7.6  8.8  0.74  3.85  3.45 266 1023.1   0.4  -1.7 999.0 99.0 99.00
2018 01 08 16 50 220  7.8  9.3  0.56  3.70  3.08 266 1021.8   0.9  -1.6 999.0 99.0 99.00
2018 01 08 17 50 222  7.3  8.3  0.47  3.33  2.97 272 1021.0   1.6  -1.1 999.0 99.0 99.00
2018 01 08 18 50 228  6.3  7.3  0.52  3.33  3.02 251 1020.3   1.6  -1.1 999.0 99.0 99.00
2018 01 08 19 50 213  7.2  8.3  0.50  3.23  3.17 256 1019.2   2.0  -1.2 999.0 99.0 99.00
2018 01 08 20 50 203  7.6  9.0  0.60  3.33  3.21 266 1017.9   2.2  -1.0 999.0 99.0 99.00
2018 01 08 21 50 206  8.4  9.8  0.58  3.70  3.31 261 1016.8   2.7  -1.1 999.0 99.0 99.00
2018 01 08 22 50 225 10.5 11.9  0.61  3.45  3.41 219 1016.2   3.0  -1.5 999.0 99.0 99.00
2018 01 08 23 50 243  8.8 10.2  0.62  3.85  3.49 248 1016.6   2.7  -1.6 999.0 99.0 99.00
2018 01 09 00 50 253  9.2 10.7  0.68  4.17  3.58 275 1016.7   2.1  -1.6 999.0 99.0 99.00
2018 01 09 01 50 249  7.7 11.1  0.74  4.17  3.85 272 1016.5   1.5  -1.6 999.0 99.0 99.00
2018 01 09 02 50 257  8.0  9.5  0.67  4.35  3.57 272 1016.6   1.2  -1.6 999.0 99.0 99.00
2018 01 09 03 50 246  6.5  7.3  0.66  4.17  3.35 278 1016.7   0.8  -1.6 999.0 99.0 99.00
2018 01 09 04 50 239  7.0  8.2  0.50  3.57  3.25 266 1015.8   1.0  -1.6 999.0 99.0 99.00
2018 01 09 05 50 244  8.6 10.3  0.62  2.94  3.03 261 1015.0   0.4  -1.4 999.0 99.0 99.00
2018 01 09 06 50 238  6.8  7.9  0.61  3.33  3.12 257 1014.7   0.6  -1.1 999.0 99.0 99.00
2018 01 09 07 50 248  7.8  9.3  0.58  3.03  3.03 258 1015.0   0.9  -0.9 999.0 99.0 99.00
2018 01 09 08 50 245  7.7  9.4  0.61  3.45  3.22 243 1014.8   0.9  -0.9 999.0 99.0 99.00
2018 01 09 09 50 255  7.7  9.8  0.56  3.33  3.40 251 1014.5   1.0  -0.9 999.0 99.0 99.00
2018 01 09 10 50 259  6.0  7.1  0.52  3.57  3.52 252 1014.7   0.6  -1.0 999.0 99.0 99.00
2018 01 09 11 50 278  7.3  8.4  0.44  3.70  3.61 271 1015.2   0.5  -1.5 999.0 99.0 99.00
2018 01 09 12 50 280  7.2  8.9  0.51  4.00  3.57 277 1015.8   0.3  -1.5 999.0 99.0 99.00
2018 01 09 13 50 270  5.8  6.5  0.62  4.00  3.79 278 1016.2   0.0  -1.6 999.0 99.0 99.00
2018 01 09 14 50 277  6.6  7.7  0.51  4.17  3.52 273 1016.8   0.6  -1.6 999.0 99.0 99.00
2018 01 09 15 50 279  9.1 10.6  0.63  3.70  3.40 273 1016.9   1.0  -1.6 999.0 99.0 99.00
2018 01 09 16 50 285  9.8 11.5  0.64  3.85  3.33 274 1015.9   1.2  -1.5 999.0 99.0 99.00
2018 01 09 17 50 274  8.1  9.2  0.64  3.70  3.30 266 1016.4   1.5  -1.4 999.0 99.0 99.00
2018 01 09 18 50 278  8.6  9.8  0.62  3.70  3.16 275 1016.6   1.8  -1.4 999.0 99.0 99.00
2018 01 09 19 50 279  6.2  7.5  0.61  3.70  3.12 262 1017.4   1.8  -1.3 999.0 99.0 99.00
2018 01 09 20 50 282  5.5  6.3  0.51  3.45  3.09 274 1018.5   1.5  -1.1 999.0 99.0 99.00
2018 01 09 21 50 290  6.4  7.5  0.48  3.33  3.22 288 1019.7   1.3  -1.0 999.0 99.0 99.00
2018 01 09 22 50 287  7.3  8.3  0.43  3.13  3.33 276 1020.8   1.2  -1.0 999.0 99.0 99.00
2018 01 09 23 50 302  6.8  7.7  0.42  3.57  3.44 251 1022.1   1.0  -1.1 999.0 99.0 99.00
2018 01 10 00 50 295  4.8  6.6  0.37  3.70  3.46 267 1023.2   0.2  -1.4 999.0 99.0 99.00
2018 01 10 01 50 316  6.4  7.4  0.39  3.70  3.32 272 1023.7   0.1  -1.5 999.0 99.0 99.00
2018 01 10 02 50 313  6.8  8.1  0.50  3.57  3.27 287 1024.9  -0.1  -1.5 999.0 99.0 99.00
2018 01 10 03 50 298  6.8  8.7  0.48  3.33  3.37 295 1026.2  -0.3  -1.5 999.0 99.0 99.00
2018 01 10 04 50 310  7.4  8.7  0.64  4.00  3.33 288 1026.3  -0.7  -1.5 999.0 99.0 99.00
2018 01 10 05 50 308  6.3  7.1  0.65  3.70  3.38 297 1026.9  -1.1  -1.5 999.0 99.0 99.00
2018 01 10 06 50 317  4.7  5.6  0.45  3.45  2.99 273 1027.9  -1.2  -1.4 999.0 99.0 99.00
2018 01 10 07 50 306  4.3  4.9  0.36  2.94  2.82 281 1028.8  -1.3  -1.4 999.0 99.0 99.00
2018 01 10 08 50 315  4.0  4.7  0.27  2.60  2.84 283 1029.2  -1.6  -1.4 999.0 99.0 99.00
2018 01 10 09 50 315  4.4  5.6  0.25  2.35  2.91 308 1029.9  -1.6  -1.3 999.0 99.0 99.00
2018 01 10 10 50 358  4.1  5.0  0.39  2.74  3.08 316 1030.6  -1.7  -1.3 999.0 99.0 99.00
2018 01 10 11 50 348  2.8  3.3  0.29  2.86  3.07 306 1031.4  -1.8  -1.3 999.0 99.0 99.00
2018 01 10 12 50 327  1.8  2.2  0.22 99.00  3.26 999 1032.2  -1.3  -1.5 999.0 99.0 99.00
2018 01 10 13 50 313  1.1  1.4  0.22 99.00  3.25 999 1032.7  -0.9  -1.5 999.0 99.0 99.00
2018 01 10 14 50 255  1.3  1.7  0.20 99.00  3.39 999 1033.2  -1.3  -1.5 999.0 99.0 99.00
2018 01 10 15 50 257  1.3  1.6  0.21 99.00  3.74 999 1033.1  -1.3  -1.4 999.0 99.0 99.00
2018 01 10 16 50 263  1.2  1.4  0.17 99.00  4.33 999 1032.4  -1.3  -1.3 999.0 99.0 99.00
2018 01 10 17 50 250  1.2  1.4  0.17 99.00  4.48 999 1031.7  -0.1  -1.2 999.0 99.0 99.00
2018 01 10 18 50 252  2.9  3.4  0.15 99.00  4.32 999 1031.7  -0.3  -1.2 999.0 99.0 99.00
2018 01 10 19 50 240  2.7  2.9  0.12 99.00  4.13 999 1032.1   0.0  -1.3 999.0 99.0 99.00
2018 01 10 20 50 179  1.4  1.7  0.11 99.00  4.12 999 1031.8   0.6  -1.3 999.0 99.0 99.00
2018 01 10 21 50 186  3.3  3.8  0.15 99.00  4.29 999 1032.4  -0.5  -1.3 999.0 99.0 99.00
2018 01 10 22 50 151  4.5  5.1  0.19 99.00  4.95 999 1031.7  -0.3  -1.2 999.0 99.0 99.00
2018 01 10 23 50 169  3.0  3.6  0.22 99.00  4.55 999 1032.4  -0.2  -1.2 999.0 99.0 99.00
2018 01 11 00 50 147  4.2  5.0  0.20 99.00  3.90 999 1032.4  -0.3  -1.3 999.0 99.0 99.00
2018 01 11 01 50 176  5.8  8.3  0.14 99.00  3.70 999 1032.1   1.2  -1.4 999.0 99.0 99.00
2018 01 11 02 50 194  4.4  4.9  0.15 99.00  3.38 999 1031.5   0.0  -1.4 999.0 99.0 99.00
2018 01 11 03 50 191  4.2  4.9  0.16 99.00  3.06 999 1031.6   0.3  -1.3 999.0 99.0 99.00
2018 01 11 04 50 190  3.7  3.8  0.15 99.00  3.70 999 1031.3   0.5  -1.3 999.0 99.0 99.00
2018 01 11 05 50 183  2.7  3.1  0.15 99.00  3.94 999 1031.0   0.6  -1.4 999.0 99.0 99.00
2018 01 11 06 50 167  4.1  4.7  0.16 99.00  3.28 999 1030.4   0.6  -1.4 999.0 99.0 99.00
2018 01 11 07 50 167  3.6  4.3  0.14 99.00  3.08 999 1030.1   0.9  -1.3 999.0 99.0 99.00
2018 01 11 08 50 183  5.6  6.1  0.14 99.00  3.04 999 1029.5   1.7  -1.2 999.0 99.0 99.00
2018 01 11 09 50 174  4.8  5.7  0.16 99.00  2.77 999 1029.4   1.6  -1.2 999.0 99.0 99.00
2018 01 11 10 50 172  4.8  5.4  0.21 99.00  2.87 999 1029.4   2.0  -1.0 999.0 99.0 99.00
2018 01 11 11 50 175  5.2  5.8  0.25 99.00  3.02 999 1029.4   2.2  -1.0 999.0 99.0 99.00
2018 01 11 12 50 180  5.9  6.4  0.31  2.47  2.93 187 1029.5   2.6  -1.0 999.0 99.0 99.00
2018 01 11 13 50 175  6.8  7.5  0.31  2.94  2.82 202 1030.1   3.0  -1.3 999.0 99.0 99.00
2018 01 11 14 50 183  7.0  7.7  0.34  2.74  2.79 189 1030.4   3.2  -1.3 999.0 99.0 99.00
2018 01 11 15 50 182  6.9  7.8  0.40  2.86  2.84 185 1030.2   3.2  -1.0 999.0 99.0 99.00
2018 01 11 16 50 186  7.1  7.7  0.36  2.74  2.92 194 1029.4   3.1  -0.7 999.0 99.0 99.00
2018 01 11 17 50 184  6.7  7.9  0.42  2.74  2.78 203 1029.1   3.0  -0.6 999.0 99.0 99.00
2018 01 11 18 50 183  6.6  7.2  0.36  2.86  2.85 169 1028.7   2.6  -0.8 999.0 99.0 99.00
2018 01 11 19 50 181  6.2  6.7  0.33  2.47  2.79 186 1028.7   2.8  -1.1 999.0 99.0 99.00
2018 01 11 20 50 185  5.8  7.1  0.34  2.74  2.82 166 1028.5   2.9  -1.1 999.0 99.0 99.00
2018 01 11 21 50 184  6.0  6.8  0.33  2.86  2.73 153 1028.5   3.0  -1.1 999.0 99.0 99.00
2018 01 11 22 50 182  6.7  7.5  0.31  2.86  2.81 164 1028.4   3.2  -1.1 999.0 99.0 99.00
2018 01 11 23 50 184  5.9  6.5  0.30  2.60  2.86 189 1028.1   3.4  -0.9 999.0 99.0 99.00
2018 01 12 00 50 185  6.8  7.6  0.33  2.74  3.05 183 1027.5   3.6  -0.9 999.0 99.0 99.00
2018 01 12 01 50 188  6.3  7.2  0.40  2.74  3.05 204 1026.7   3.3  -1.1 999.0 99.0 99.00
2018 01 12 02 50 186  5.4  5.9  0.32  2.86  2.93 201 1026.7   3.3  -1.1 999.0 99.0 99.00
2018 01 12 03 50 188  6.3  6.9  0.28  2.86  2.93 204 1025.8   3.2  -0.9 999.0 99.0 99.00
2018 01 12 04 50 188  7.0  7.6  0.38  2.86  2.87 202 1024.9   3.6  -0.8 999.0 99.0 99.00
2018 01 12 05 50 194  7.5  8.2  0.40  2.74  2.90 190 1024.2   3.8  -0.7 999.0 99.0 99.00
2018 01 12 06 50 186  7.0  7.8  0.39  2.94  3.05 172 1024.0   3.8  -0.8 999.0 99.0 99.00
2018 01 12 07 50 189  7.5  8.3  0.39  3.23  2.99 168 1023.6   4.9  -1.0 999.0 99.0 99.00
2018 01 12 08 50 178  7.8  8.6  0.43  3.33  3.05 159 1022.7   5.5  -1.0 999.0 99.0 99.00
2018 01 12 09 50 176  7.3  8.2  0.44  3.33  3.10 154 1021.9   5.0  -0.9 999.0 99.0 99.00
2018 01 12 10 50 180  8.6  9.6  0.50  3.45  3.13 156 1021.2   6.6  -0.6 999.0 99.0 99.00
2018 01 12 11 50 179  7.6  8.6  0.60  3.57  3.26 147 1021.1   6.3  -0.1 999.0 99.0 99.00
2018 01 12 12 50 175  9.4 10.9  0.62  3.57  3.30 154 1020.3   6.7  -0.2 999.0 99.0 99.00
2018 01 12 13 50 173  8.9 10.3  0.64  3.70  3.32 165 1019.7   6.9  -0.4 999.0 99.0 99.00
2018 01 12 14 50 178 10.1 12.1  0.76  3.57  3.35 171 1019.2   6.9  -0.9 999.0 99.0 99.00
2018 01 12 15 50 174  9.9 11.9  0.74  3.70  3.34 176 1017.9   7.1  -0.8 999.0 99.0 99.00
2018 01 12 16 50 178 12.5 14.3  0.85  3.70  3.42 169 1015.7   8.3  -0.6 999.0 99.0 99.00
2018 01 12 17 50 183 11.0 12.6  0.97  4.17  3.62 167 1014.9   7.6  -0.5 999.0 99.0 99.00
2018 01 12 18 50 176 11.7 13.1  0.95  3.85  3.60 166 1013.8   7.8  -0.4 999.0 99.0 99.00
2018 01 12 19 50 180 11.0 12.9  0.87  4.00  3.55 166 1013.3   6.8  -0.5 999.0 99.0 99.00
2018 01 12 20 50 181 12.3 14.8  0.84  4.17  3.57 158 1012.5   8.0  -0.6 999.0 99.0 99.00
2018 01 12 21 50 179 11.8 13.7  0.97  4.17  3.74 166 1012.0   7.5  -0.6 999.0 99.0 99.00
2018 01 12 22 50 176 12.2 13.9  0.92  4.55  3.68 151 1011.6   7.8  -0.2 999.0 99.0 99.00
2018 01 12 23 50 174 12.1 14.0  0.93  4.35  3.73 145 1010.9   8.1   0.3 999.0 99.0 99.00
2018 01 13 00 50 173 12.8 15.6  1.10  4.35  3.85 159 1009.9   8.5   0.1 999.0 99.0 99.00
2018 01 13 01 50 173 13.1 16.0  1.19  4.35  3.94 157 1008.7   8.4   0.2 999.0 99.0 99.00
2018 01 13 02 50 174 13.5 15.7  1.17  4.35  3.84 156 1007.5   8.7   0.1 999.0 99.0 99.00
2018 01 13 03 50 177 12.9 14.8  1.16  4.55  3.78 158 1006.8   8.6  -0.1 999.0 99.0 99.00
2018 01 13 04 50 185 11.8 14.6  1.14  4.35  3.81 160 1006.0   9.2  -0.4 999.0 99.0 99.00
2018 01 13 05 50 175 13.5 15.4  1.08  4.17  3.80 161 1004.4   8.5  -0.3 999.0 99.0 99.00
2018 01 13 06 50 176 13.3 15.8  1.16  4.35  3.87 161 1003.8   8.2  -0.3 999.0 99.0 99.00
2018 01 13 07 50 175 14.6 17.6  1.13  4.35  3.83 156 1002.4   9.2  -0.2 999.0 99.0 99.00
2018 01 13 08 50 174 13.7 16.3  1.28  4.55  3.95 159 1001.1   8.8   0.1 999.0 99.0 99.00
2018 01 13 09 50 175 13.9 16.4  1.39  4.55  4.16 161  999.6   9.3   0.6 999.0 99.0 99.00
2018 01 13 10 50 191 13.8 16.8  1.30  4.55  4.07 154 1000.0   9.1   0.5 999.0 99.0 99.00
2018 01 13 11 50 188 12.9 16.0  1.27  4.76  4.19 155  999.2   9.0   0.7 999.0 99.0 99.00
2018 01 13 12 50 186 14.3 17.5  1.37  4.55  4.10 180  999.3   8.4   1.1 999.0 99.0 99.00
2018 01 13 13 50 191 12.9 14.9  1.36  4.55  4.17 181 1000.1   7.5   1.2 999.0 99.0 99.00
2018 01 13 14 50 206  9.4 10.9  1.15  4.35  4.11 190 1002.2   6.8   1.2 999.0 99.0 99.00
2018 01 13 15 50 217  9.6 12.3  0.92  3.85  3.86 205 1003.5   5.8   1.2 999.0 99.0 99.00
2018 01 13 16 50 236  7.1  8.2  0.87  3.85  3.75 246 1004.4   4.5   0.7 999.0 99.0 99.00
2018 01 13 17 50 230  8.1  9.4  0.71  4.17  3.83 268 1005.3   3.7   0.6 999.0 99.0 99.00
2018 01 13 18 50 248  5.6  6.7  0.62  4.00  3.67 283 1007.1   3.6   0.9 999.0 99.0 99.00
2018 01 13 20 50 280  8.5 10.0  0.62  3.70  3.35 278 1011.7   2.1   1.0 999.0 99.0 99.00
2018 01 13 21 50 309  7.0  8.3  0.59  3.85  3.37 281 1013.6   1.0   0.9 999.0 99.0 99.00
2018 01 13 22 50 319  6.7  7.7  0.53  3.70  3.32 266 1016.0   0.8   1.0 999.0 99.0 99.00
2018 01 13 23 50 345  7.0  8.2  0.48  3.03  3.30 295 1017.7   0.3   1.2 999.0 99.0 99.00
2018 01 14 00 50 348  8.5 10.5  0.61  2.74  3.16 356 1018.8  -0.4   1.2 999.0 99.0 99.00
2018 01 14 01 50 345 10.7 12.7  0.87  3.57  3.47   4 1020.2  -1.4   1.1 999.0 99.0 99.00
2018 01 14 02 50 342  9.2 11.3  0.93  4.17  3.74 349 1021.8  -2.0   0.9 999.0 99.0 99.00
2018 01 14 03 50 337  9.6 11.4  0.90  4.17  3.80 336 1022.8  -2.6   0.4 999.0 99.0 99.00
2018 01 14 04 50 337  9.8 11.6  0.91  4.17  3.84 333 1023.8  -3.1   0.2 999.0 99.0 99.00
2018 01 14 05 50 336  8.9 10.8  0.85  4.00  3.80 324 1024.7  -3.5   0.0 999.0 99.0 99.00
2018 01 14 06 50 336  9.8 11.6  0.76  3.85  3.65 333 1025.4  -3.7   0.0 999.0 99.0 99.00
2018 01 14 07 50 337 10.0 12.2  0.82  3.70  3.55 334 1026.4  -4.3   0.0 999.0 99.0 99.00
2018 01 14 08 50 335  9.6 11.6  0.77  4.00  3.53 336 1027.1  -4.6   0.3 999.0 99.0 99.00
2018 01 14 09 50 343 10.1 12.4  0.89  3.85  3.55 346 1027.6  -4.7   0.3 999.0 99.0 99.00
2018 01 14 10 50 343  9.5 11.1  0.94  4.00  3.67 348 1029.0  -4.7   0.4 999.0 99.0 99.00
2018 01 14 11 50 345  9.5 11.1  0.87  3.85  3.61 350 1029.9  -4.7   0.4 999.0 99.0 99.00
2018 01 14 12 50 343 10.0 11.9  0.96  4.17  3.73 355 1030.7  -4.5   0.7 999.0 99.0 99.00
2018 01 14 13 50 345 10.2 12.1  0.99  3.70  3.77 346 1031.9  -4.5   0.8 999.0 99.0 99.00
2018 01 14 14 50 348 10.7 12.5  1.03  4.17  3.75 354 1032.5  -4.4   0.4 999.0 99.0 99.00
2018 01 14 15 50 354 10.6 12.2  1.03  4.17  3.81 349 1032.8  -4.5   0.0 999.0 99.0 99.00
2018 01 14 16 50 349 10.1 12.3  0.97  4.17  3.84 340 1032.8  -4.4  -0.3 999.0 99.0 99.00
2018 01 14 17 50 355 10.3 12.5  0.94  4.17  3.77 339 1032.8  -4.5  -0.3 999.0 99.0 99.00
2018 01 14 18 50 357  9.7 11.4  1.13  4.35  3.85 339 1033.2  -4.2  -0.2 999.0 99.0 99.00
2018 01 14 19 50 344  9.5 11.1  0.90  3.70  3.65 351 1033.7  -3.9  -0.2 999.0 99.0 99.00
2018 01 14 20 50   3  7.2  8.7  0.63  3.33  3.45 346 1034.7  -3.2  -0.2 999.0 99.0 99.00
2018 01 14 21 50   8  6.5  8.3  0.56  3.13  3.43 350 1035.9  -3.3  -0.1 999.0 99.0 99.00
2018 01 14 22 50   7  8.5 10.3  0.61  3.57  3.43  40 1036.6  -3.7  -0.2 999.0 99.0 99.00
2018 01 14 23 50  10  7.6  9.0  0.61  3.57  3.48  36 1037.6  -4.2  -0.1 999.0 99.0 99.00
2018 01 15 00 50   5  8.7 10.6  0.57  3.57  3.44  36 1037.5  -4.0   0.0 999.0 99.0 99.00
2018 01 15 01 50   6  8.5 10.5  0.61  3.33  3.51  34 1037.6  -3.7   0.1 999.0 99.0 99.00
2018 01 15 02 50  11  8.6 10.1  0.74  3.23  3.50  29 1037.3  -3.3   0.0 999.0 99.0 99.00
2018 01 15 03 50  11  8.7 10.1  0.81  3.45  3.42  27 1036.8  -3.1  -0.1 999.0 99.0 99.00
2018 01 15 04 50   9  8.1  9.6  0.89  3.33  3.53  36 1036.7  -2.7  -0.3 999.0 99.0 99.00
2018 01 15 05 50  26  9.2 11.3  0.89  3.57  3.47  35 1036.5  -2.5  -0.3 999.0 99.0 99.00
2018 01 15 06 50  17  8.4 10.4  0.94  3.70  3.60  35 1036.8  -2.3  -0.2 999.0 99.0 99.00
2018 01 15 07 50  18  9.6 11.4  0.88  3.70  3.60  51 1036.6  -1.6   0.4 999.0 99.0 99.00
2018 01 15 08 50 360  7.8  9.5  0.86  3.85  3.64  47 1036.9  -1.9   0.5 999.0 99.0 99.00
2018 01 15 09 50  19  8.8 10.6  0.76  3.85  3.67  50 1036.2  -1.5  -0.1 999.0 99.0 99.00
2018 01 15 10 50  26  9.9 11.9  0.86  3.85  3.79  45 1036.3  -1.3  -0.2 999.0 99.0 99.00
2018 01 15 11 50  15  9.7 11.6  0.93  4.00  3.92  48 1036.7  -1.5  -0.3 999.0 99.0 99.00
2018 01 15 12 50   3  8.2  9.5  0.87  4.17  3.81  64 1036.9  -1.5  -0.2 999.0 99.0 99.00
2018 01 15 13 50 359  8.0 10.0  0.76  3.70  3.69  52 1037.0  -1.2   0.0 999.0 99.0 99.00
2018 01 15 14 50 360  8.2  9.6  0.77  3.45  3.51  47 1036.4  -1.1   0.0 999.0 99.0 99.00
2018 01 15 15 50  23  8.6 10.4  0.91  3.33  3.54  22 1035.2   0.7  -0.1 999.0 99.0 99.00
2018 01 15 16 50 355 10.2 12.6  0.88  3.45  3.59  39 1033.4  -0.9  -0.2 999.0 99.0 99.00
2018 01 15 17 50   5 10.9 12.9  1.04  3.57  3.68   7 1032.3   0.0   1.5 999.0 99.0 99.00
2018 01 15 18 50 359 10.2 11.9  1.06  3.85  3.77   5 1031.3  -0.1   3.0 999.0 99.0 99.00
2018 01 15 19 50   9  8.4  9.9  1.10  3.85  3.76  25 1032.1   1.0   3.2 999.0 99.0 99.00
2018 01 15 20 50  15 10.0 12.1  0.94  3.70  3.68  21 1031.5   0.4   2.8 999.0 99.0 99.00
2018 01 15 21 50 358 10.3 11.8  0.84  3.85  3.66  30 1031.1  -0.2   2.5 999.0 99.0 99.00
2018 01 15 22 50 354 11.2 13.6  0.90  3.70  3.68   8 1030.9  -0.6   2.4 999.0 99.0 99.00
2018 01 15 23 50 355 10.2 11.5  0.94  4.17  3.69  16 1030.5  -0.6   2.2 999.0 99.0 99.00
2018 01 16 00 50 349 10.7 12.6  0.86  3.70  3.65  10 1030.6  -0.7   0.9 999.0 99.0 99.00
2018 01 16 01 50 341 10.4 12.3  0.90  3.85  3.57  12 1030.7  -0.8   0.2 999.0 99.0 99.00
2018 01 16 02 50 343  9.0 10.5  0.91  4.00  3.79 358 1031.4  -1.0   0.0 999.0 99.0 99.00
2018 01 16 03 50 355 10.7 12.8  1.10  4.00  3.87 355 1030.9  -1.5   0.0 999.0 99.0 99.00
2018 01 16 04 50   1 11.3 13.2  1.21  4.17  3.94 347 1029.8  -1.2   1.4 999.0 99.0 99.00
2018 01 16 05 50 357 10.0 12.1  1.23  4.17  3.98  13 1030.4  -0.8   3.1 999.0 99.0 99.00
2018 01 16 06 50   1  9.6 10.9  1.06  4.00  3.97   9 1030.6  -0.5   2.9 999.0 99.0 99.00
2018 01 16 07 50 357  7.4  8.5  0.98  3.57  3.85  21 1030.9  -0.3   2.8 999.0 99.0 99.00
2018 01 16 08 50 354  7.4  8.8  0.81  3.45  3.84  36 1031.3  -0.4   2.5 999.0 99.0 99.00
2018 01 16 09 50 333  7.5  8.4  0.64  4.55  3.61  90 1031.7  -1.5   2.6 999.0 99.0 99.00
2018 01 16 10 50 335  6.7  8.0  0.63  2.94  3.34 357 1032.5  -1.4   2.4 999.0 99.0 99.00
2018 01 16 11 50 342  5.7  6.5  0.55  2.74  3.39 349 1032.9  -1.1   2.3 999.0 99.0 99.00
2018 01 16 12 50 347  6.4  7.6  0.56  3.13  3.40 359 1033.0  -0.7   2.0 999.0 99.0 99.00
2018 01 16 13 50 351  6.0  7.0  0.51  2.94  3.60 358 1033.7  -0.4   1.0 999.0 99.0 99.00
2018 01 16 14 50   1  3.4  4.0  0.56 10.81  3.84  66 1033.9  -0.2   0.7 999.0 99.0 99.00
2018 01 16 15 50 354  2.4  2.9  0.58 10.00  4.28  98 1033.9  -0.1   0.6 999.0 99.0 99.00
2018 01 16 16 50  66  1.0  1.7  0.66 10.00  4.61  88 1032.8   0.2   0.6 999.0 99.0 99.00
2018 01 16 17 50  75  0.4  1.2  0.68  5.56  4.37  94 1032.4   1.5   3.2 999.0 99.0 99.00
2018 01 16 18 50  96  0.8  1.3  0.69  5.26  4.45  80 1031.8   1.5   3.2 999.0 99.0 99.00
2018 01 16 19 50 140  2.0  2.6  0.58  5.00  4.26  79 1032.1   1.4   3.1 999.0 99.0 99.00
2018 01 16 20 50 151  1.3  1.8  0.54  5.00  4.46  87 1031.9   0.9   3.2 999.0 99.0 99.00
2018 01 16 21 50 217  1.1  1.5  0.43  4.17  4.40  78 1032.4   0.4   2.9 999.0 99.0 99.00
2018 01 16 22 50 151  2.1  2.6  0.33  5.00  4.67  92 1032.1   0.3   2.7 999.0 99.0 99.00
2018 01 16 23 50 187  1.1  1.4  0.31  5.00  4.43  91 1032.5   0.5   2.6 999.0 99.0 99.00
2018 01 17 00 50 208  1.3  1.8  0.25  4.55  4.70  87 1032.3   0.6   2.2 999.0 99.0 99.00
2018 01 17 01 50  66  0.1  0.9  0.24 99.00  4.78 999 1031.6   0.5   1.0 999.0 99.0 99.00
2018 01 17 02 50 165  0.0  0.0  0.29  4.55  5.04  37 1031.4   0.7   0.9 999.0 99.0 99.00
2018 01 17 03 50 111  0.7  1.0  0.39 10.00  4.96  91 1030.9   0.5   0.7 999.0 99.0 99.00
2018 01 17 04 50 113  2.6  2.9  0.49  4.17  4.40  83 1029.5   0.6   0.5 999.0 99.0 99.00
2018 01 17 05 50  89  0.4  0.6  0.53  5.00  4.33  97 1029.5   0.1   0.7 999.0 99.0 99.00
2018 01 17 06 50 126  1.2  1.5  0.46 10.00  4.18  89 1029.3   0.1   3.0 999.0 99.0 99.00
2018 01 17 07 50  53  2.1  2.5  0.41 10.00  4.15  70 1028.7   0.0   3.1 999.0 99.0 99.00
2018 01 17 08 50  39  3.5  3.9  0.38  5.00  4.63  78 1027.5   0.3   3.1 999.0 99.0 99.00
2018 01 17 09 50  53  4.0  4.6  0.37  5.26  4.73  80 1027.0   0.2   3.1 999.0 99.0 99.00
2018 01 17 10 50  56  6.1  7.1  0.33 10.00  4.25  80 1026.1   1.2   3.0 999.0 99.0 99.00
2018 01 17 11 50  42  7.5  9.0  0.35  2.86  3.43  60 1024.4   1.8   2.8 999.0 99.0 99.00
2018 01 17 12 50  25  6.1  7.0  0.52  3.45  3.47  77 1024.8   1.5   1.6 999.0 99.0 99.00
2018 01 17 13 50   3  6.6  7.7  0.47  3.33  3.44  68 1024.5   0.9   1.0 999.0 99.0 99.00
2018 01 17 14 50  14  7.9  9.2  0.50  3.13  3.43  59 1023.1   1.0   1.1 999.0 99.0 99.00
2018 01 17 15 50  17  7.1  8.5  0.64  2.94  3.51  49 1022.3   1.3   1.0 999.0 99.0 99.00
2018 01 17 16 50  10  7.2  8.3  0.71  3.85  3.57  80 1020.6   1.4   0.8 999.0 99.0 99.00
2018 01 17 17 50 360  6.1  6.9  0.73  4.55  3.71  88 1019.3   1.9   2.3 999.0 99.0 99.00
2018 01 17 18 50   6  5.9  7.2  0.65  3.03  3.55  43 1018.4   2.4   3.3 999.0 99.0 99.00
2018 01 17 19 50 346  5.5  6.3  0.55  3.85  3.54  89 1018.6   2.5   3.6 999.0 99.0 99.00
2018 01 17 20 50 329  5.1  6.1  0.50  4.35  3.70  77 1018.8   2.3   3.8 999.0 99.0 99.00
2018 01 17 21 50 339  5.8  6.8  0.46  5.26  3.91  92 1017.6   2.3   3.8 999.0 99.0 99.00
2018 01 17 22 50 333  5.0  6.0  0.43  4.55  3.91  95 1017.7   2.3   3.8 999.0 99.0 99.00
2018 01 17 23 50 294  4.7  5.4  0.34  5.88  4.07  84 1018.8   1.8   3.3 999.0 99.0 99.00
2018 01 18 00 50 316  5.8  6.5  0.26  5.56  4.48  98 1017.6   1.3   3.1 999.0 99.0 99.00
2018 01 18 01 50 312  5.0  6.0  0.23 99.00  4.35 999 1017.8   0.9   2.9 999.0 99.0 99.00
2018 01 18 02 50 310  4.2  5.3  0.23 99.00  4.55 999 1017.3   0.4   2.1 999.0 99.0 99.00
2018 01 18 03 50 311  3.7  4.3  0.31  9.09  5.14  92 1017.7   0.2   1.4 999.0 99.0 99.00
2018 01 18 04 50 316  5.0  5.8  0.43  5.56  4.90  92 1016.8   0.1   1.2 999.0 99.0 99.00
2018 01 18 05 50 339  5.5  6.4  0.50  5.88  4.42  92 1015.1  -0.1   1.3 999.0 99.0 99.00
2018 01 18 06 50 337  6.0  6.9  0.48  5.26  3.65  84 1015.4   0.2   3.1 999.0 99.0 99.00
2018 01 18 07 50 340  6.9  8.3  0.50  2.94  3.38 352 1014.2   0.3   3.4 999.0 99.0 99.00
2018 01 18 08 50 335  6.2  7.9  0.48  2.94  3.50 351 1014.8   0.3   3.6 999.0 99.0 99.00
2018 01 18 09 50 325  5.6  6.9  0.45  2.94  3.52 328 1014.8   0.0   3.5 999.0 99.0 99.00
2018 01 18 10 50 332  7.1  8.2  0.44  2.86  3.31 325 1013.5  -0.2   3.5 999.0 99.0 99.00
2018 01 18 11 50 330  7.3  8.5  0.43  2.60  2.95 337 1013.1  -0.6   3.5 999.0 99.0 99.00
2018 01 18 12 50 339  4.8  6.1  0.39  2.60  3.03 339 1013.9  -0.9   3.1 999.0 99.0 99.00
2018 01 18 13 50 341  3.1  3.9  0.32  2.47  3.02 336 1014.5  -1.0   2.8 999.0 99.0 99.00
2018 01 18 14 50 331  5.3  6.4  0.31  4.17  3.46  97 1013.7  -1.4   2.7 999.0 99.0 99.00
2018 01 18 15 50 332  5.4  6.8  0.35  9.09  3.44  78 1013.0  -1.8   2.1 999.0 99.0 99.00
2018 01 18 16 50 340  4.5  5.6  0.43  2.47  3.48 342 1011.6  -2.0   2.2 999.0 99.0 99.00
2018 01 18 17 50   5  4.8  5.8  0.48  7.14  3.64  75 1011.1  -1.4   1.6 999.0 99.0 99.00
2018 01 18 18 50 344  7.5  8.9  0.43  2.86  3.33 350 1009.6  -1.2   3.3 999.0 99.0 99.00
2018 01 18 19 50   2  8.2  9.7  0.42  2.94  3.07   2 1009.7  -0.7   3.6 999.0 99.0 99.00
2018 01 18 20 50 352  9.7 11.2  0.61  3.33  3.18   3 1009.2  -0.6   3.5 999.0 99.0 99.00
2018 01 18 21 50 342 11.4 13.0  0.70  3.45  3.32   1 1009.0  -1.2   3.6 999.0 99.0 99.00
2018 01 18 22 50 335 10.8 12.8  0.83  3.85  3.49 359 1010.3  -0.9   3.6 999.0 99.0 99.00
2018 01 18 23 50 324  8.4 10.2  0.81  3.45  3.36 355 1011.9  -1.2   3.5 999.0 99.0 99.00
2018 01 19 00 50 319  8.7 10.6  0.62  3.45  3.16 339 1012.1  -1.4   3.5 999.0 99.0 99.00
2018 01 19 01 50 310  8.7 10.4  0.60  3.13  3.08 322 1012.4  -1.7   2.8 999.0 99.0 99.00
2018 01 19 02 50 308  9.6 11.2  0.59  3.03  2.94 321 1013.1  -1.8   2.3 999.0 99.0 99.00
2018 01 19 03 50 315  8.6  9.6  0.62  3.23  3.00 318 1013.2  -2.1   2.3 999.0 99.0 99.00
2018 01 19 04 50 310  8.5  9.7  0.54  2.94  3.12 307 1013.2  -2.5   1.8 999.0 99.0 99.00
2018 01 19 05 50 308  8.2  9.5  0.57  3.45  3.31 303 1013.1  -2.6   1.6 999.0 99.0 99.00
2018 01 19 06 50 306  7.6  8.5  0.60  3.57  3.47 301 1013.0  -2.8   2.2 999.0 99.0 99.00
2018 01 19 07 50 304  8.5 10.1  0.61  3.85  3.62 289 1013.6  -3.2   3.2 999.0 99.0 99.00
2018 01 19 08 50 301  8.3 10.0  0.73  4.00  3.78 282 1013.6  -3.2   3.1 999.0 99.0 99.00
2018 01 19 09 50 303  6.8  8.2  0.67  4.00  3.70 282 1013.9  -3.4   3.0 999.0 99.0 99.00
2018 01 19 10 50 297  8.2  9.7  0.65  4.00  3.47 276 1014.7  -3.3   3.0 999.0 99.0 99.00
2018 01 19 11 50 291  7.5  8.7  0.63  3.70  3.31 286 1015.0  -3.2   3.1 999.0 99.0 99.00
2018 01 19 13 50 284  8.4 10.3  0.45  2.86  2.93 282 1015.9  -2.4   3.2 999.0 99.0 99.00
2018 01 19 14 50 282  8.2  9.6  0.52  2.74  2.97 297 1015.7  -2.5   2.2 999.0 99.0 99.00
2018 01 19 15 50 285  6.6  7.7  0.52  2.86  3.06 291 1015.7  -2.2   2.1 999.0 99.0 99.00
2018 01 19 16 50 282  6.6  7.8  0.43  2.74  3.08 282 1014.7  -2.0   2.3 999.0 99.0 99.00
2018 01 19 17 50 276  6.0  7.0  0.45  3.23  3.52 282 1013.7  -1.5   1.9 999.0 99.0 99.00
2018 01 19 18 50 286  5.4  6.5  0.40  3.45  3.65 282 1013.7  -0.8   3.0 999.0 99.0 99.00
2018 01 19 19 50 285  4.8  5.5  0.33  3.45  3.49 282 1013.5   0.0   3.2 999.0 99.0 99.00
2018 01 19 20 50 283  5.4  6.8  0.30  3.23  3.42 291 1014.2   0.4   3.0 999.0 99.0 99.00
2018 01 19 21 50 271  5.3  6.4  0.36  3.23  3.25 269 1014.3   0.4   3.1 999.0 99.0 99.00
2018 01 19 22 50 261  5.6  7.1  0.33  3.23  3.35 274 1014.5   0.6   3.2 999.0 99.0 99.00
2018 01 19 23 50 255  7.4  8.7  0.41  3.03  3.06 282 1014.2   0.6   3.1 999.0 99.0 99.00
2018 01 20 00 50 251  7.6  8.8  0.41  2.86  2.96 264 1014.0   0.6   3.1 999.0 99.0 99.00
2018 01 20 01 50 266  7.6  8.9  0.38  2.74  2.90 261 1014.9   0.7   3.1 999.0 99.0 99.00
2018 01 20 02 50 264  6.3  7.5  0.36  2.35  2.85 265 1014.9   0.5   3.0 999.0 99.0 99.00
2018 01 20 03 50 268  4.9  6.1  0.24 99.00  3.01 999 1014.7   0.5   2.3 999.0 99.0 99.00
2018 01 20 04 50 243  5.0  6.0  0.27  2.60  3.22 294 1014.2   0.5   2.2 999.0 99.0 99.00
2018 01 20 05 50 222  3.9  4.6  0.33  9.09  4.18 119 1013.0   0.6   2.2 999.0 99.0 99.00
2018 01 20 06 50 211  5.1  5.8  0.32  9.09  4.29 103 1012.6   1.1   1.8 999.0 99.0 99.00
2018 01 20 07 50 196  6.8  7.9  0.29  9.09  3.51  77 1011.2   2.0   2.9 999.0 99.0 99.00
2018 01 20 08 50 199  6.4  7.9  0.28  2.47  3.14 210 1010.7   2.5   3.0 999.0 99.0 99.00
2018 01 20 09 50 214  4.8  6.2  0.34  2.60  2.95 212 1010.6   2.8   2.8 999.0 99.0 99.00
2018 01 20 10 50 231  7.7  9.1  0.38  2.60  2.96 235 1009.9   3.6   2.8 999.0 99.0 99.00
2018 01 20 11 50 229  9.4 11.3  0.56  3.23  3.11 248 1008.4   3.7   2.9 999.0 99.0 99.00
2018 01 20 12 50 232 10.4 12.2  0.76  3.70  3.49 252 1008.1   4.0   2.9 999.0 99.0 99.00
2018 01 20 13 50 235 10.7 12.7  0.63  3.33  3.14 244 1007.9   4.2   2.9 999.0 99.0 99.00
2018 01 20 14 50 246 10.8 12.9  0.86  3.45  3.31 252 1008.0   4.0   2.4 999.0 99.0 99.00
2018 01 20 15 50 251 12.6 14.6  0.94  3.70  3.41 265 1007.2   4.3   2.4 999.0 99.0 99.00
2018 01 20 16 50 246 12.7 14.6  1.01  4.17  3.57 272 1006.4   4.2   2.4 999.0 99.0 99.00
2018 01 20 17 50 250 11.3 13.0  0.99  4.00  3.73 267 1006.1   4.5   1.9 999.0 99.0 99.00
2018 01 20 18 50 242 10.0 11.9  1.00  4.55  3.97 272 1006.2   4.0   1.5 999.0 99.0 99.00
2018 01 20 19 50 255 11.1 13.1  0.91  4.55  4.05 283 1006.6   4.6   1.8 999.0 99.0 99.00
2018 01 20 20 50 260  8.2  9.8  0.88  4.55  4.04 274 1008.0   4.8   2.8 999.0 99.0 99.00
2018 01 20 21 50 251  7.2  8.4  0.74  4.76  4.03 279 1009.4   4.0   3.1 999.0 99.0 99.00
2018 01 20 22 50 274  4.1  4.8  0.60  4.35  3.73 288 1010.8   4.2   3.0 999.0 99.0 99.00
2018 01 20 23 50 249  5.1  5.7  0.47  4.17  3.42 276 1011.7   3.6   3.0 999.0 99.0 99.00
2018 01 21 00 50 258  4.5  5.2  0.41  3.70  3.26 273 1012.9   3.4   3.1 999.0 99.0 99.00
2018 01 21 01 50 241  4.2  4.7  0.33  3.23  3.03 257 1013.4   2.5   2.6 999.0 99.0 99.00
2018 01 21 02 50 251  4.8  5.4  0.32  2.74  3.00 261 1014.1   2.3   2.4 999.0 99.0 99.00
2018 01 21 03 50 245  4.1  4.7  0.29  2.94  3.04 268 1014.5   2.5   2.3 999.0 99.0 99.00
2018 01 21 04 50 268  6.1  6.6  0.28  2.47  3.09 300 1014.6   3.1   1.5 999.0 99.0 99.00
2018 01 21 05 50 264  5.5  6.0  0.26  7.69  3.54 235 1015.2   2.7   1.2 999.0 99.0 99.00
2018 01 21 06 50 264  5.1  5.5  0.28  7.14  3.89 101 1015.6   2.6   1.1 999.0 99.0 99.00
2018 01 21 07 50 261  4.9  5.4  0.24 99.00  3.79 999 1016.4   2.4   1.4 999.0 99.0 99.00
2018 01 21 08 50 259  4.1  4.7  0.19 99.00  3.47 999 1017.0   2.1   2.1 999.0 99.0 99.00
2018 01 21 09 50 277  4.7  5.4  0.15 99.00  3.53 999 1017.3   2.7   2.5 999.0 99.0 99.00
2018 01 21 10 50 289  3.9  4.7  0.14 99.00  3.26 999 1018.2   2.7   2.6 999.0 99.0 99.00
2018 01 21 11 50 277  3.3  3.7  0.15 99.00  3.80 999 1018.7   2.4   2.7 999.0 99.0 99.00
2018 01 21 12 50 290  4.1  4.6  0.21 99.00  4.31 999 1019.2   2.9   2.8 999.0 99.0 99.00
2018 01 21 13 50 278  3.4  4.4  0.23 99.00  3.82 999 1020.1   2.6   2.9 999.0 99.0 99.00
2018 01 21 14 50 277  4.5  5.2  0.24 99.00  3.45 999 1020.9   2.4   2.8 999.0 99.0 99.00
2018 01 21 15 50 281  3.9  4.4  0.22 99.00  3.62 999 1020.7   2.1   2.4 999.0 99.0 99.00
2018 01 21 16 50 279  3.9  4.3  0.21 99.00  3.74 999 1020.1   2.0   2.2 999.0 99.0 99.00
2018 01 21 17 50 277  2.7  3.3  0.26  7.69  4.24  76 1019.7   2.3   2.1 999.0 99.0 99.00
2018 01 21 18 50 284  2.3  2.7  0.26  7.14  4.49  96 1019.7   2.9   1.8 999.0 99.0 99.00
2018 01 21 19 50 258  1.1  1.3  0.23 99.00  4.16 999 1020.1   3.1   1.8 999.0 99.0 99.00
2018 01 21 20 50 223  0.7  0.9  0.19 99.00  3.99 999 1020.7   3.5   2.8 999.0 99.0 99.00
2018 01 21 21 50 213  1.6  1.8  0.15 99.00  4.11 999 1021.1   2.5   2.8 999.0 99.0 99.00
2018 01 21 22 50 176  1.2  1.5  0.13 99.00  4.42 999 1021.7   2.3   2.7 999.0 99.0 99.00
2018 01 21 23 50 165  0.0  0.0  0.15 99.00  4.94 999 1022.3   2.6   2.7 999.0 99.0 99.00
2018 01 22 00 50 234  1.0  1.1  0.18 99.00  5.24 999 1022.7   3.1   2.7 999.0 99.0 99.00
2018 01 22 01 50 191  1.5  1.9  0.19 99.00  4.56 999 1022.8   2.1   2.7 999.0 99.0 99.00
2018 01 22 02 50 211  1.4  1.7  0.20 99.00  3.65 999 1023.1   2.2   2.9 999.0 99.0 99.00
2018 01 22 03 50 207  2.3  2.6  0.17 99.00  3.51 999 1023.1   2.1   3.0 999.0 99.0 99.00
2018 01 22 04 50 222  2.1  2.9  0.17 99.00  3.90 999 1023.2   2.3   2.8 999.0 99.0 99.00
2018 01 22 05 50 237  1.8  2.3  0.17 99.00  4.02 999 1023.0   1.8   2.4 999.0 99.0 99.00
2018 01 22 06 50 187  0.4  1.3  0.22 99.00  4.53 999 1022.8   1.9   2.2 999.0 99.0 99.00
2018 01 22 07 50 154  0.7  1.1  0.24 99.00  4.27 999 1023.0   1.8   1.9 999.0 99.0 99.00
2018 01 22 08 50 141  1.5  1.7  0.23 99.00  3.88 999 1022.7   2.1   2.2 999.0 99.0 99.00
2018 01 22 09 50 167  1.7  2.1  0.18 99.00  3.88 999 1023.2   2.6   2.7 999.0 99.0 99.00
2018 01 22 10 50 137  2.0  2.2  0.14 99.00  4.19 999 1023.4   2.6   2.7 999.0 99.0 99.00
2018 01 22 11 50 125  2.3  2.7  0.14 99.00  4.90 999 1023.6   2.7   2.6 999.0 99.0 99.00
2018 01 22 12 50 126  2.4  2.7  0.17 99.00  4.23 999 1024.0   2.7   2.6 999.0 99.0 99.00
2018 01 22 13 50 147  3.0  3.5  0.16 99.00  4.87 999 1024.8   2.9   2.7 999.0 99.0 99.00
2018 01 22 14 50 189  0.6  1.1  0.16 99.00  4.03 999 1025.8   2.3   2.9 999.0 99.0 99.00
2018 01 22 15 50 124  1.5  1.8  0.15 99.00  3.66 999 1025.6   2.6   2.9 999.0 99.0 99.00
2018 01 22 16 50  57  1.9  2.1  0.12 99.00  3.91 999 1024.8   2.7   2.8 999.0 99.0 99.00
2018 01 22 17 50  43  1.8  2.1  0.18 99.00  4.08 999 1024.4   2.6   2.6 999.0 99.0 99.00
2018 01 22 18 50  64  2.4  2.6  0.18 99.00  4.74 999 1024.0   2.6   2.1 999.0 99.0 99.00
2018 01 22 19 50  94  4.4  5.2  0.23 99.00  4.17 999 1023.8   2.9   1.8 999.0 99.0 99.00
2018 01 22 20 50  49  5.7  6.2  0.18 99.00  3.89 999 1024.3   3.1   2.3 999.0 99.0 99.00
2018 01 22 21 50  59  5.3  5.9  0.16 99.00  4.25 999 1024.3   3.1   2.7 999.0 99.0 99.00
2018 01 22 22 50  74  6.3  7.1  0.13 99.00  4.51 999 1024.0   3.5   2.6 999.0 99.0 99.00
2018 01 22 23 50  88  6.6  7.9  0.16 99.00  3.01 999 1024.0   3.7   2.8 999.0 99.0 99.00
2018 01 23 00 50  93  7.0  8.0  0.32  2.60  2.93  79 1023.6   4.0   2.9 999.0 99.0 99.00
2018 01 23 01 50 103  6.4  7.2  0.46  3.03  3.09  78 1023.1   4.1   2.9 999.0 99.0 99.00
2018 01 23 02 50 111  6.7  8.1  0.47  3.57  3.36  74 1022.3   4.0   2.7 999.0 99.0 99.00
2018 01 23 03 50 122  7.4  8.5  0.49  4.00  3.53  82 1020.9   4.2   2.8 999.0 99.0 99.00
2018 01 23 04 50 134  7.3  8.3  0.48  4.00  3.63  86 1019.9   4.1   2.9 999.0 99.0 99.00
2018 01 23 05 50 144  6.1  6.7  0.52  4.17  3.60  86 1019.3   4.2   2.9 999.0 99.0 99.00
2018 01 23 06 50 140  5.0  5.6  0.50  3.45  3.51 120 1019.2   4.3   2.7 999.0 99.0 99.00
2018 01 23 07 50 156  6.4  7.1  0.54  3.13  3.50 137 1018.1   5.1   2.4 999.0 99.0 99.00
2018 01 23 08 50 157  7.2  8.2  0.67  4.76  3.53  81 1016.7   5.4   2.2 999.0 99.0 99.00
2018 01 23 09 50 151  6.5  7.3  0.66  3.13  3.42 157 1016.1   5.8   2.5 999.0 99.0 99.00
2018 01 23 10 50 153  8.2  9.6  0.63  3.03  3.33 163 1015.1   6.8   2.7 999.0 99.0 99.00
2018 01 23 11 50 156  8.8 10.0  0.69  3.45  3.35 169 1013.9   7.4   2.9 999.0 99.0 99.00
2018 01 23 12 50 170 10.7 12.8  0.77  3.85  3.41 149 1013.7   7.5   3.0 999.0 99.0 99.00
2018 01 23 13 50 166 10.2 11.7  0.82  3.57  3.50 152 1012.7   7.2   3.0 999.0 99.0 99.00
2018 01 23 14 50 162  9.3 10.4  0.83  4.00  3.56 154 1011.7   6.7   2.9 999.0 99.0 99.00
2018 01 23 15 50 166  9.6 11.1  0.72  3.85  3.55 150 1010.0   7.0   3.0 999.0 99.0 99.00
2018 01 23 16 50 167 10.3 11.8  0.81  4.17  3.64 139 1007.7   7.6   3.1 999.0 99.0 99.00
2018 01 23 17 50 167  9.2 10.7  0.94  4.17  3.83 155 1005.8   7.2   3.1 999.0 99.0 99.00
2018 01 23 18 50 168 11.6 13.3  0.94  4.00  3.69 157 1003.7   7.8   2.7 999.0 99.0 99.00
2018 01 23 19 50 173 12.6 14.7  1.08  4.35  3.99 154 1001.6   8.7   2.4 999.0 99.0 99.00
2018 01 23 20 50 175 14.2 17.2  1.20  4.17  3.93 150  999.9   8.9   2.4 999.0 99.0 99.00
2018 01 23 21 50 194  8.9 10.5  1.13  4.35  3.93 168 1000.3   7.0   2.7 999.0 99.0 99.00
2018 01 23 22 50 208  9.7 11.1  0.96  3.85  3.68 186 1000.7   6.5   2.8 999.0 99.0 99.00
2018 01 23 23 50 191  9.3 11.4  0.82  3.85  3.65 202 1000.0   6.0   3.0 999.0 99.0 99.00
2018 01 24 00 50 219  6.2  7.2  0.75  3.33  3.59 200  999.8   6.1   3.1 999.0 99.0 99.00
2018 01 24 01 50 228  8.5  9.9  0.55  6.67  3.50  98 1000.9   5.0   3.2 999.0 99.0 99.00
2018 01 24 02 50 246  8.0  9.3  0.56  2.94  3.26 258 1001.3   3.9   3.0 999.0 99.0 99.00
2018 01 24 03 50 247  8.2  9.8  0.50  2.86  3.11 240 1001.7   3.6   3.1 999.0 99.0 99.00
2018 01 24 04 50 253  5.1  5.8  0.41  3.33  3.12 256 1002.5   3.2   3.2 999.0 99.0 99.00
2018 01 24 05 50 252  5.2  6.0  0.40  8.33  3.29 257 1003.1   3.6   2.9 999.0 99.0 99.00
2018 01 24 06 50 272  4.6  5.5  0.41  8.33  3.54 107 1003.9   3.0   2.0 999.0 99.0 99.00
2018 01 24 07 50 232  4.1  4.5  0.44  6.67  4.17  90 1004.3   2.8   1.8 999.0 99.0 99.00
2018 01 24 08 50 240  4.2  4.6  0.43  7.69  4.41  87 1004.4   2.5   1.8 999.0 99.0 99.00
2018 01 24 09 50 249  5.4  6.2  0.42  5.26  4.07 135 1005.3   2.7   2.2 999.0 99.0 99.00
2018 01 24 10 50 255  5.8  6.8  0.42  3.23  3.84 251 1006.0   3.1   2.7 999.0 99.0 99.00
2018 01 24 11 50 261  7.8  9.4  0.41  3.13  3.69 249 1006.7   3.4   2.9 999.0 99.0 99.00
2018 01 24 12 50 265  8.0  9.1  0.62  3.45  3.51 275 1007.4   3.9   3.0 999.0 99.0 99.00
2018 01 24 13 50 268  7.6  8.9  0.66  3.85  3.65 274 1008.3   4.0   3.0 999.0 99.0 99.00
2018 01 24 14 50 267  7.0  8.3  0.63  3.85  3.47 283 1008.8   4.1   3.0 999.0 99.0 99.00
2018 01 24 15 50 281  8.9 10.4  0.69  3.57  3.34 282 1009.2   3.8   3.0 999.0 99.0 99.00
2018 01 24 16 50 286  9.0 10.4  0.71  3.57  3.36 275 1008.9   3.2   3.1 999.0 99.0 99.00
2018 01 24 17 50 290  8.2 10.1  0.65  3.57  3.22 290 1008.8   2.7   2.8 999.0 99.0 99.00
2018 01 24 18 50 277  7.7  9.2  0.60  3.45  3.25 285 1009.3   2.3   2.2 999.0 99.0 99.00
2018 01 24 19 50 281  7.3  8.2  0.61  3.13  3.19 281 1010.1   2.6   2.0 999.0 99.0 99.00
2018 01 24 20 50 277  6.5  7.6  0.51  3.33  3.42 291 1011.1   2.7   1.9 999.0 99.0 99.00
2018 01 24 21 50 303  4.9  6.1  0.45  3.33  3.55 276 1012.3   2.2   2.1 999.0 99.0 99.00
2018 01 24 22 50 309  6.0  7.3  0.41  3.45  3.52 266 1013.4   2.2   2.7 999.0 99.0 99.00
2018 01 24 23 50 306  8.4  9.8  0.49  3.57  3.44 278 1014.2   1.6   3.0 999.0 99.0 99.00
2018 01 25 00 50 306  8.8 10.7  0.55  3.57  3.47 280 1014.7   0.8   3.0 999.0 99.0 99.00
2018 01 25 01 50 316  7.5  9.7  0.63  3.70  3.60 276 1016.0   0.3   2.9 999.0 99.0 99.00
2018 01 25 02 50 315  6.7  8.1  0.58  4.00  3.47 274 1017.1  -0.1   2.9 999.0 99.0 99.00
2018 01 25 03 50 313  6.0  7.1  0.52  4.00  3.29 275 1017.7  -0.5   2.9 999.0 99.0 99.00
2018 01 25 04 50 334  7.1  8.5  0.43  2.94  3.06 274 1018.0  -0.8   2.9 999.0 99.0 99.00
2018 01 25 05 50 339  8.8 10.9  0.45  2.47  2.95 327 1017.2  -1.3   2.8 999.0 99.0 99.00
2018 01 25 06 50 339  8.8 10.3  0.59  2.74  2.91 346 1017.4  -2.0   2.2 999.0 99.0 99.00
2018 01 25 07 50 341  9.2 10.8  0.72  3.70  3.22   4 1017.8  -3.0   2.0 999.0 99.0 99.00
2018 01 25 08 50 324  8.4 10.6  0.81  3.70  3.48 355 1018.7  -3.8   1.9 999.0 99.0 99.00
2018 01 25 09 50 318  7.9 10.4  0.71  3.45  3.38 337 1019.6  -4.4   1.7 999.0 99.0 99.00
2018 01 25 10 50 321  9.3 11.0  0.65  3.57  3.40 322 1020.3  -4.5   2.5 999.0 99.0 99.00
2018 01 25 11 50 315  8.9 10.6  0.71  4.00  3.57 306 1021.3  -4.7   2.7 999.0 99.0 99.00
2018 01 25 12 50 307  8.3 10.3  0.60  3.85  3.48 303 1022.1  -4.7   2.6 999.0 99.0 99.00
2018 01 25 13 50 316  9.2 12.1  0.71  3.85  3.53 311 1022.3  -4.4   2.7 999.0 99.0 99.00
2018 01 25 14 50 322  8.6 10.3  0.76  3.85  3.54 309 1022.9  -4.5   2.7 999.0 99.0 99.00
2018 01 25 15 50 321  7.5  9.4  0.62  3.33  3.39 309 1023.0  -3.8   2.8 999.0 99.0 99.00
2018 01 25 16 50 302  6.8  9.0  0.57  3.13  3.15 312 1022.8  -3.2   2.7 999.0 99.0 99.00
2018 01 25 17 50 306  7.7 10.0  0.60  3.23  3.10 317 1022.8  -2.3   2.8 999.0 99.0 99.00
2018 01 25 18 50 309  6.5  8.1  0.61  3.33  3.03 300 1023.2  -1.6   2.7 999.0 99.0 99.00
2018 01 25 19 50 312  8.0  9.4  0.62  3.13  3.01 314 1024.0  -1.3   2.6 999.0 99.0 99.00
2018 01 25 20 50 304  8.5 10.0  0.67  3.45  3.13 303 1024.7  -1.2   2.1 999.0 99.0 99.00
2018 01 25 21 50 304  9.0 10.7  0.71  3.57  3.25 300 1025.7  -1.2   2.0 999.0 99.0 99.00
2018 01 25 22 50 312 12.2 14.8  0.89  3.85  3.61 307 1026.5  -1.4   2.0 999.0 99.0 99.00
2018 01 25 23 50 312 10.4 12.6  0.91  4.35  3.82 304 1028.0  -1.6   2.6 999.0 99.0 99.00
2018 01 26 00 50 312 12.1 14.1  0.85  4.55  3.78 296 1028.4  -2.0   2.5 999.0 99.0 99.00
2018 01 26 01 50 313 11.0 13.3  1.00  4.35  3.92 281 1029.8  -2.5   2.6 999.0 99.0 99.00
2018 01 26 02 50 315 10.3 13.3  0.99  4.17  3.92 290 1030.4  -2.9   2.6 999.0 99.0 99.00
2018 01 26 03 50 314 12.0 14.5  1.09  4.76  3.91 278 1031.0  -3.2   2.6 999.0 99.0 99.00
2018 01 26 04 50 311 11.3 13.6  1.10  4.55  3.72 285 1031.1  -3.4   2.5 999.0 99.0 99.00
2018 01 26 05 50 314 11.7 13.9  0.92  4.17  3.44 291 1031.2  -3.9   2.4 999.0 99.0 99.00
2018 01 26 06 50 308 10.7 13.9  0.79  3.33  3.21 299 1032.1  -4.2   2.3 999.0 99.0 99.00
2018 01 26 07 50 318 10.9 13.6  0.88  3.70  3.41 305 1032.7  -4.5   1.8 999.0 99.0 99.00
2018 01 26 08 50 317 10.5 13.3  0.90  3.57  3.34 299 1033.1  -5.0   1.9 999.0 99.0 99.00
2018 01 26 09 50 317 11.8 14.0  0.96  3.85  3.45 307 1033.7  -5.3   1.9 999.0 99.0 99.00
2018 01 26 10 50 317 10.5 13.8  0.91  4.00  3.66 310 1034.8  -5.4   1.6 999.0 99.0 99.00
2018 01 26 11 50 320 11.4 14.1  0.96  4.17  3.89 305 1035.6  -5.5   2.0 999.0 99.0 99.00
2018 01 26 12 50 322 10.1 12.4  0.84  4.55  3.93 305 1036.5  -5.1   2.2 999.0 99.0 99.00
2018 01 26 13 50 326 10.5 13.0  0.97  4.35  4.04 294 1037.1  -5.2   2.1 999.0 99.0 99.00
2018 01 26 14 50 326  8.1  9.8  0.91  4.35  3.94 304 1038.1  -4.6   2.4 999.0 99.0 99.00
2018 01 26 15 50 342  7.2  9.0  0.75  4.35  3.59 269 1038.3  -3.9   2.6 999.0 99.0 99.00
2018 01 26 16 50 343  6.6  8.2  0.54  4.00  3.32 276 1038.0  -3.1   2.7 999.0 99.0 99.00
2018 01 26 17 50 329  5.6  7.7  0.56  3.13  3.17 343 1037.6  -2.8   2.5 999.0 99.0 99.00
2018 01 26 18 50 349  4.6  5.8  0.42  3.13  3.06   8 1037.6  -2.2   2.4 999.0 99.0 99.00
2018 01 26 19 50   1  3.3  4.0  0.33  2.94  2.91  15 1037.7  -1.5   2.3 999.0 99.0 99.00
2018 01 26 20 50 340  1.0  1.9  0.26  2.86  2.86  20 1038.1  -1.0   2.2 999.0 99.0 99.00
2018 01 26 21 50 165  0.0  0.3  0.22 99.00  3.02 999 1038.0  -1.7   2.2 999.0 99.0 99.00
2018 01 26 22 50 198  3.1  4.1  0.25  5.00  3.77  94 1038.6  -2.0   2.1 999.0 99.0 99.00
2018 01 26 23 50 204  3.4  4.2  0.26  6.25  3.71  84 1039.2  -2.0   2.0 999.0 99.0 99.00
2018 01 27 00 50 162  3.9  4.9  0.24 99.00  3.78 999 1038.8  -1.8   2.1 999.0 99.0 99.00
2018 01 27 01 50 177  5.1  6.0  0.22 99.00  3.32 999 1038.8  -1.4   2.2 999.0 99.0 99.00
2018 01 27 02 50 196  5.7  6.7  0.24 99.00  2.95 999 1038.8  -1.0   2.5 999.0 99.0 99.00
2018 01 27 03 50 191  5.5  6.5  0.24 99.00  2.95 999 1038.6  -0.8   2.8 999.0 99.0 99.00
2018 01 27 04 50 198  6.3  7.3  0.27  2.47  2.73 217 1038.2  -0.6   2.8 999.0 99.0 99.00
2018 01 27 05 50 194  6.3  7.1  0.27  2.47  2.75 211 1037.8  -0.2   2.5 999.0 99.0 99.00
2018 01 27 06 50 194  6.3  7.5  0.32  2.60  2.61 182 1037.5   0.1   2.3 999.0 99.0 99.00
2018 01 27 07 50 199  5.8  6.7  0.25  2.74  2.67 170 1037.1   0.7   2.2 999.0 99.0 99.00
2018 01 27 08 50 190  6.1  7.0  0.24 99.00  2.68 999 1036.2   1.1   2.1 999.0 99.0 99.00
2018 01 27 09 50 185  5.5  6.3  0.27  2.60  2.73 187 1035.8   1.4   2.0 999.0 99.0 99.00
2018 01 27 10 50 187  6.0  7.0  0.31  2.47  3.06 201 1035.5   1.6   1.9 999.0 99.0 99.00
2018 01 27 11 50 183  6.2  7.1  0.34  2.60  3.12 201 1035.1   1.9   1.7 999.0 99.0 99.00
2018 01 27 12 50 186  6.7  8.0  0.38  2.74  3.05 197 1034.6   2.5   1.8 999.0 99.0 99.00
2018 01 27 13 50 188  7.9  9.5  0.43  2.94  2.92 192 1034.2   3.5   2.2 999.0 99.0 99.00
2018 01 27 14 50 190  9.7 11.8  0.50  3.03  2.98 196 1033.3   3.9   2.5 999.0 99.0 99.00
2018 01 27 15 50 189 10.2 11.8  0.62  3.23  3.10 189 1032.4   4.3   2.8 999.0 99.0 99.00
2018 01 27 16 50 191  9.7 11.4  0.67  3.57  3.23 181 1031.0   4.4   2.9 999.0 99.0 99.00
2018 01 27 17 50 200 11.7 13.4  0.86  3.70  3.39 180 1029.5   4.6   3.0 999.0 99.0 99.00
2018 01 27 18 50 199  9.9 11.9  0.80  3.57  3.28 195 1028.8   4.9   2.7 999.0 99.0 99.00
2018 01 27 19 50 205 10.1 11.4  0.79  3.57  3.43 184 1027.9   5.0   2.5 999.0 99.0 99.00
2018 01 27 20 50 206  9.9 11.3  0.68  3.23  3.20 190 1027.4   5.2   2.3 999.0 99.0 99.00
2018 01 27 21 50 208  9.7 11.1  0.66  3.45  3.29 194 1026.9   5.1   2.0 999.0 99.0 99.00
2018 01 27 22 50 215  9.5 11.1  0.70  3.57  3.26 193 1027.1   4.9   1.8 999.0 99.0 99.00
2018 01 27 23 50 218  8.7 10.0  0.67  3.13  3.29 216 1027.3   4.8   1.8 999.0 99.0 99.00
2018 01 28 00 50 209  9.1 10.4  0.65  3.45  3.43 208 1026.8   5.0   1.7 999.0 99.0 99.00
2018 01 28 01 50 210  9.0 10.7  0.60  3.57  3.44 233 1026.2   5.3   1.9 999.0 99.0 99.00
2018 01 28 02 50 205  9.4 11.0  0.74  3.57  3.47 211 1025.7   5.4   2.3 999.0 99.0 99.00
2018 01 28 03 50 209 10.5 11.9  0.67  3.70  3.38 223 1025.2   5.0   2.4 999.0 99.0 99.00
2018 01 28 04 50 208 10.6 12.1  0.72  3.33  3.27 217 1024.6   5.3   2.5 999.0 99.0 99.00
2018 01 28 05 50 200  9.4 10.7  0.71  3.33  3.31 215 1024.0   4.8   2.6 999.0 99.0 99.00
2018 01 28 06 50 208 10.7 12.6  0.69  3.45  3.19 206 1023.8   6.1   2.5 999.0 99.0 99.00
2018 01 28 07 50 209 10.2 11.6  0.70  3.33  3.22 212 1023.5   5.8   2.0 999.0 99.0 99.00
2018 01 28 08 50 213  8.1  9.2  0.60  3.45  3.24 205 1023.5   5.0   1.8 999.0 99.0 99.00
2018 01 28 09 50 233  5.4  6.3  0.52  3.13  3.24 197 1023.5   4.3   1.8 999.0 99.0 99.00
2018 01 28 10 50 236  6.4  7.4  0.46  3.23  3.29 199 1023.6   4.5   1.5 999.0 99.0 99.00
2018 01 28 11 50 253  4.5  5.1  0.44  6.67  3.50  82 1024.4   3.2   1.3 999.0 99.0 99.00
2018 01 28 12 50 225  5.2  6.2  0.45  7.14  3.76  92 1024.6   3.3   1.3 999.0 99.0 99.00
2018 01 28 13 50 242  6.4  8.8  0.36  7.14  3.71  95 1024.6   4.6   1.5 999.0 99.0 99.00
2018 01 28 14 50 235  3.0  3.6  0.33  3.03  3.39 265 1024.8   3.5   2.1 999.0 99.0 99.00
2018 01 28 15 50 257  1.8  2.4  0.29  7.69  3.71  92 1025.0   2.9   2.1 999.0 99.0 99.00
2018 01 28 16 50 230  1.9  2.6  0.23 99.00  3.82 999 1024.3   2.7   2.2 999.0 99.0 99.00
2018 01 28 17 50 235  3.6  4.0  0.22 99.00  3.86 999 1024.0   2.9   2.4 999.0 99.0 99.00
2018 01 28 18 50 235  2.8  3.0  0.19 99.00  4.23 999 1023.5   3.1   2.5 999.0 99.0 99.00
2018 01 28 19 50 199  3.2  3.5  0.19 99.00  4.10 999 1023.1   2.9   2.6 999.0 99.0 99.00
2018 01 28 20 50 244  3.0  3.5  0.24 99.00  3.31 999 1023.5   2.7   2.5 999.0 99.0 99.00
2018 01 28 21 50 237  2.4  2.6  0.25 99.00  3.50 999 1023.5   2.3   2.4 999.0 99.0 99.00
2018 01 28 22 50 211  2.7  2.9  0.26  4.17  3.45 225 1023.4   2.4   2.0 999.0 99.0 99.00
2018 01 28 23 50 270  2.1  2.6  0.27  4.55  3.71 158 1024.1   2.1   1.7 999.0 99.0 99.00
2018 01 29 00 50 297  1.8  2.2  0.32  5.88  4.23  98 1024.2   1.9   1.4 999.0 99.0 99.00
2018 01 29 01 50 305  0.9  1.3  0.32  5.88  4.19  92 1023.9   2.1   1.4 999.0 99.0 99.00
2018 01 29 02 50 320  2.4  2.9  0.30  4.76  3.94 329 1023.6   2.8   1.9 999.0 99.0 99.00
2018 01 29 03 50 322  1.7  2.1  0.21 99.00  4.01 999 1023.7   2.5   2.2 999.0 99.0 99.00
2018 01 29 04 50 315  0.9  1.4  0.18 99.00  4.31 999 1023.4   2.5   2.4 999.0 99.0 99.00
2018 01 29 05 50  24  1.3  1.6  0.16 99.00  4.44 999 1023.1   2.7   2.4 999.0 99.0 99.00
2018 01 29 06 50 348  4.3  4.8  0.18 99.00  5.13 999 1023.2   2.7   2.4 999.0 99.0 99.00
2018 01 29 07 50 357  5.5  6.6  0.21 99.00  4.38 999 1023.0   3.0   2.4 999.0 99.0 99.00
2018 01 29 08 50   1  6.0  7.1  0.29  2.74  3.06   8 1022.9   3.0   2.5 999.0 99.0 99.00
2018 01 29 09 50  25  8.3 10.0  0.38  2.60  2.92  13 1022.2   3.9   2.5 999.0 99.0 99.00
2018 01 29 10 50  29  7.8  8.9  0.58  3.57  3.32  52 1022.7   3.7   2.3 999.0 99.0 99.00
2018 01 29 11 50  36  7.6  9.5  0.72  4.00  3.58  48 1022.8   3.5   2.1 999.0 99.0 99.00
2018 01 29 12 50  43  8.6 10.1  0.76  4.17  3.64  62 1022.7   3.7   1.9 999.0 99.0 99.00
2018 01 29 13 50  40  8.6  9.9  0.87  3.57  3.55  44 1023.2   3.8   1.8 999.0 99.0 99.00
2018 01 29 14 50  41  9.1 10.9  0.84  3.85  3.56  50 1022.9   4.1   2.0 999.0 99.0 99.00
2018 01 29 15 50  39  8.4  9.6  0.87  3.57  3.51  38 1022.4   4.1   2.4 999.0 99.0 99.00
2018 01 29 16 50  38  7.3  8.3  0.85  3.45  3.62  51 1021.5   4.0   2.4 999.0 99.0 99.00
2018 01 29 17 50  31  7.6  8.9  0.80  3.23  3.59  36 1020.7   4.1   2.5 999.0 99.0 99.00
2018 01 29 18 50  40  9.5 11.6  0.81  4.00  3.61  74 1019.7   4.2   2.8 999.0 99.0 99.00
2018 01 29 19 50  35 10.1 11.9  0.83  3.45  3.70  52 1019.2   4.0   2.8 999.0 99.0 99.00
2018 01 29 20 50  31 12.4 15.0  1.04  4.17  3.91  52 1018.2   3.6   2.5 999.0 99.0 99.00
2018 01 29 21 50  22 11.5 13.7  1.22  4.35  4.19  42 1018.2   3.1   2.6 999.0 99.0 99.00
2018 01 29 22 50  22 12.1 14.7  1.22  4.76  4.29  42 1017.8   2.6   2.6 999.0 99.0 99.00
2018 01 29 23 50  20 12.5 15.2  1.31  5.00  4.39  43 1017.4   2.1   2.6 999.0 99.0 99.00
2018 01 30 00 50  20 12.1 14.1  1.41  4.76  4.31  44 1016.6   1.8   2.5 999.0 99.0 99.00
2018 01 30 01 50  25 13.3 16.9  1.28  4.76  4.16  44 1015.4   2.3   2.5 999.0 99.0 99.00
2018 01 30 02 50  25 13.2 15.6  1.51  4.35  4.09  43 1014.3   2.3   2.5 999.0 99.0 99.00
2018 01 30 03 50  23 14.4 17.4  1.62  4.17  4.22  47 1012.9   2.4   2.6 999.0 99.0 99.00
2018 01 30 04 50  22 13.9 16.9  1.62  4.35  4.21  45 1011.3   2.6   3.3 999.0 99.0 99.00
2018 01 30 05 50  21 14.7 17.9  1.61  4.76  4.20  47 1009.9   2.6   3.4 999.0 99.0 99.00
2018 01 30 06 50  23 14.6 17.5  1.61  4.76  4.29  42 1008.5   2.2   3.5 999.0 99.0 99.00
2018 01 30 07 50   9 12.3 14.4  1.54  4.76  4.21  40 1009.6   1.5   3.5 999.0 99.0 99.00
2018 01 30 08 50   6 13.1 14.9  1.41  4.76  4.21  52 1008.1   0.6   3.4 999.0 99.0 99.00
2018 01 30 09 50   5 14.1 17.2  1.55  5.00  4.28  42 1007.5   0.6   3.4 999.0 99.0 99.00
2018 01 30 10 50   5 14.8 18.2  1.62  5.26  4.59  34 1007.3   0.1   3.4 999.0 99.0 99.00
2018 01 30 11 50 358 14.0 16.6  1.38  5.26  4.39  33 1007.7  -0.3   3.3 999.0 99.0 99.00
2018 01 30 12 50 356 14.7 17.4  1.51  5.00  4.29  27 1007.1  -0.7   3.2 999.0 99.0 99.00
2018 01 30 13 50 350 15.0 18.4  1.80  4.76  4.48  16 1007.9  -1.3   3.1 999.0 99.0 99.00
2018 01 30 14 50 351 15.2 18.8  1.96  5.00  4.62   2 1007.4  -1.8   3.2 999.0 99.0 99.00
2018 01 30 15 50 351 14.8 18.0  2.00  5.26  4.83  10 1007.4  -2.0   3.3 999.0 99.0 99.00
2018 01 30 16 50 340 14.1 16.3  1.82  5.00  4.68 360 1007.8  -2.5   3.3 999.0 99.0 99.00
2018 01 30 17 50 333 12.9 16.1  1.80  5.00  4.62 350 1008.2  -2.8   3.5 999.0 99.0 99.00
2018 01 30 18 50 334 12.2 14.9  1.54  5.00  4.46 343 1008.7  -3.2   3.6 999.0 99.0 99.00
2018 01 30 19 50 332 12.6 14.5  1.29  4.55  4.19 338 1008.9  -3.3   3.5 999.0 99.0 99.00
2018 01 30 20 50 333 11.3 13.5  1.24  4.17  3.93 340 1009.6  -3.1   3.4 999.0 99.0 99.00
2018 01 30 21 50 345 11.4 13.8  1.03  3.85  3.77 334 1010.4  -2.5   3.3 999.0 99.0 99.00
2018 01 30 22 50 337 10.7 12.7  0.97  3.85  3.60 353 1011.3  -1.4   3.2 999.0 99.0 99.00
2018 01 30 23 50 343  9.0 11.9  0.84  3.57  3.53 352 1012.3  -1.3   3.3 999.0 99.0 99.00
2018 01 31 00 50 333  7.2  8.5  0.74  3.57  3.53   9 1013.1  -1.2   3.2 999.0 99.0 99.00
2018 01 31 01 50 311  5.7  6.8  0.57 10.00  3.78  43 1013.6  -1.1   3.1 999.0 99.0 99.00
2018 01 31 02 50 313  8.5 10.4  0.66  5.00  3.94  92 1013.9  -0.9   3.1 999.0 99.0 99.00
2018 01 31 03 50 320  8.0  9.6  0.82  3.13  3.91 315 1014.5  -1.0   3.0 999.0 99.0 99.00
2018 01 31 04 50 327 10.1 11.7  0.86  3.70  3.94 311 1014.7  -1.5   3.0 999.0 99.0 99.00
2018 01 31 05 50 325 11.0 13.2  0.93  3.85  3.98 311 1015.2  -2.3   3.1 999.0 99.0 99.00
2018 01 31 06 50 332 10.3 12.3  1.04  4.17  3.97 305 1015.8  -3.2   3.1 999.0 99.0 99.00
2018 01 31 07 50 328 10.6 13.0  1.08  4.17  3.92 306 1016.7  -4.2   3.1 999.0 99.0 99.00
2018 01 31 08 50 323  9.7 12.9  1.04  3.85  3.82 330 1017.8  -4.9   3.1 999.0 99.0 99.00
2018 01 31 09 50 316  9.7 12.4  0.87  4.00  3.57 305 1019.0  -5.7   3.1 999.0 99.0 99.00
2018 01 31 10 50 317 10.9 12.6  0.91  3.70  3.41 308 1019.9  -6.1   2.9 999.0 99.0 99.00
2018 01 31 11 50 310  9.6 11.7  0.86  3.45  3.37 303 1020.8  -6.2   2.8 999.0 99.0 99.00
2018 01 31 12 50 311  9.9 12.7  0.72  3.33  3.12 302 1021.8  -5.8   2.8 999.0 99.0 99.00
2018 01 31 13 50 304  9.2 11.6  0.70  3.23  3.26 313 1022.6  -5.6   2.4 999.0 99.0 99.00
2018 01 31 14 50 298  7.9 10.1  0.67  3.33  3.55 302 1023.2  -5.3   2.3 999.0 99.0 99.00
2018 01 31 15 50 286  7.6  9.6  0.71  9.09  3.79  83 1023.1  -5.2   2.1 999.0 99.0 99.00
2018 01 31 16 50 279  6.6  8.4  0.70  3.70  4.08 282 1022.4  -4.9   2.3 999.0 99.0 99.00
2018 01 31 17 50 277  4.6  6.1  0.59  4.17  4.14 288 1021.5  -4.7   2.9 999.0 99.0 99.00
2018 01 31 18 50 259  5.3  7.0  0.50  3.85  3.94 265 1021.4  -3.6   2.9 999.0 99.0 99.00
2018 01 31 19 50 246  7.0  8.6  0.45  3.33  3.84 276 1020.8  -3.4   3.1 999.0 99.0 99.00
2018 01 31 20 50 253  7.2  8.5  0.46  3.03  3.30 266 1020.7  -2.9   3.2 999.0 99.0 99.00
2018 01 31 21 50 253  8.3  9.6  0.52  2.94  2.98 263 1020.8  -2.5   3.1 999.0 99.0 99.00
2018 01 31 22 50 242  8.3  9.5  0.59  3.23  3.03 256 1020.6  -1.9   2.9 999.0 99.0 99.00
