#YY  MM DD hh mm WDIR WSPD GST  WVHT   DPD   APD MWD   PRES  ATMP  WTMP  DEWP  VIS  TIDE
#yr  mo dy hr mn degT m/s  m/s     m   sec   sec deg    hPa  degC  degC  degC  nmi    ft
2018 01 31 23 50 237  8.4  9.6  0.50  2.86  2.82 253 1020.0  -1.3   2.8 999.0 99.0 99.00
2018 02 01 00 50 223  9.4 11.1  0.44  2.74  2.86 248 1019.3  -0.4   2.7 999.0 99.0 99.00
2018 02 01 01 50 222  9.3 11.3  0.49  2.74  2.82 221 1018.8   0.0   2.4 999.0 99.0 99.00
2018 02 01 02 50 220 10.9 13.0  0.63  3.23  3.06 227 1018.0   0.4   2.2 999.0 99.0 99.00
2018 02 01 03 50 222  9.7 11.6  0.70  3.45  3.32 229 1018.1   1.0   1.8 999.0 99.0 99.00
2018 02 01 04 50 223  9.6 11.8  0.72  4.17  3.60 252 1017.7   1.6   1.9 999.0 99.0 99.00
2018 02 01 05 50 236  8.5  9.9  0.67  3.70  3.71 248 1018.1   2.2   2.1 999.0 99.0 99.00
2018 02 01 06 50 242  7.0  8.3  0.54  4.00  3.56 264 1018.6   2.4   2.6 999.0 99.0 99.00
2018 02 01 07 50 231  7.6  8.7  0.53  3.85  3.40 264 1018.3   2.8   2.7 999.0 99.0 99.00
2018 02 01 08 50 232  4.9  5.9  0.47  4.00  3.38 281 1018.2   2.5   2.9 999.0 99.0 99.00
2018 02 01 09 50 205  4.5  5.1  0.33  3.45  3.30 284 1018.1   2.5   2.9 999.0 99.0 99.00
2018 02 01 10 50 211  5.3  6.2  0.29  3.13  3.32 279 1017.8   2.7   2.8 999.0 99.0 99.00
2018 02 01 11 50 208  5.7  6.5  0.34  3.03  3.02 246 1017.5   3.1   2.7 999.0 99.0 99.00
2018 02 01 12 50 215  6.0  7.1  0.34  3.45  3.22 230 1017.3   3.3   2.4 999.0 99.0 99.00
2018 02 01 13 50 203  5.9  6.6  0.34  2.74  3.11 217 1017.0   3.3   1.8 999.0 99.0 99.00
2018 02 01 14 50 203  7.1  8.1  0.37  6.67  3.30  75 1016.3   3.6   1.7 999.0 99.0 99.00
2018 02 01 15 50 212  7.4  8.8  0.48  2.94  3.32 211 1015.6   4.0   1.7 999.0 99.0 99.00
2018 02 01 16 50 213  6.0  6.8  0.47  3.33  3.44 241 1015.4   3.6   1.7 999.0 99.0 99.00
2018 02 01 17 50 204  5.2  6.0  0.38  3.23  3.39 236 1014.6   3.5   2.3 999.0 99.0 99.00
2018 02 01 18 50 208  5.9  7.0  0.38  2.94  3.22 221 1013.9   3.7   2.9 999.0 99.0 99.00
2018 02 01 19 50 207  6.2  6.9  0.36  3.23  3.02 248 1014.0   3.8   2.8 999.0 99.0 99.00
2018 02 01 20 50 208  5.7  6.4  0.36  2.74  3.00 224 1014.1   3.7   2.7 999.0 99.0 99.00
2018 02 01 21 50 204  6.0  6.7  0.33  2.60  2.97 219 1014.1   3.8   2.6 999.0 99.0 99.00
2018 02 01 22 50 203  6.2  7.4  0.31  3.23  2.95 290 1014.2   3.7   2.8 999.0 99.0 99.00
2018 02 01 23 50 195  5.1  5.8  0.38  2.60  2.88 190 1014.6   3.4   3.1 999.0 99.0 99.00
2018 02 02 00 50 194  3.9  4.6  0.31  2.94  3.16 235 1014.4   3.2   2.9 999.0 99.0 99.00
2018 02 02 01 50 200  5.9  6.9  0.29  4.17  3.32 197 1013.6   3.4   2.8 999.0 99.0 99.00
2018 02 02 02 50 214  5.3  5.8  0.34  4.55  3.37 301 1013.2   3.2   2.4 999.0 99.0 99.00
2018 02 02 03 50 197  4.8  5.2  0.38  4.35  3.79 226 1012.1   2.9   1.9 999.0 99.0 99.00
2018 02 02 04 50 192  4.4  4.9  0.37  9.09  4.08  78 1010.4   2.8   1.8 999.0 99.0 99.00
2018 02 02 05 50 186  4.1  4.5  0.40  4.00  4.01 112 1009.4   3.0   2.0 999.0 99.0 99.00
2018 02 02 06 50 166  3.7  4.2  0.30  5.56  3.95  87 1008.4   3.5   2.6 999.0 99.0 99.00
2018 02 02 07 50 179  1.8  2.1  0.21 99.00  4.16 999 1007.1   3.8   2.8 999.0 99.0 99.00
2018 02 02 08 50 199  3.8  4.4  0.18 99.00  4.52 999 1006.0   3.9   2.5 999.0 99.0 99.00
2018 02 02 09 50 221  5.1  5.9  0.21 99.00  3.88 999 1005.1   3.9   2.5 999.0 99.0 99.00
2018 02 02 10 50 303  7.4  8.9  0.23 99.00  3.90 999 1005.4   2.7   2.5 999.0 99.0 99.00
2018 02 02 11 50 300  8.2  9.8  0.31  2.25  2.95 287 1005.5   2.2   2.7 999.0 99.0 99.00
2018 02 02 12 50 309  7.6  9.3  0.50  2.94  2.84 293 1006.6   0.9   2.9 999.0 99.0 99.00
2018 02 02 13 50 309  7.4  8.9  0.52  2.86  2.92 302 1007.4   0.5   2.8 999.0 99.0 99.00
2018 02 02 14 50 318 11.2 13.2  0.61  3.03  3.00 320 1007.8  -0.9   2.4 999.0 99.0 99.00
2018 02 02 15 50 305 12.3 15.1  0.92  3.45  3.39 314 1008.5  -2.0   2.0 999.0 99.0 99.00
2018 02 02 16 50 293 13.1 15.3  1.04  3.85  3.70 304 1008.7  -3.0   1.8 999.0 99.0 99.00
2018 02 02 17 50 305 10.5 12.6  0.97  4.55  3.97 286 1009.5  -2.9   2.0 999.0 99.0 99.00
2018 02 02 18 50 306  9.5 12.4  0.90  4.76  4.09 284 1009.8  -2.5   2.6 999.0 99.0 99.00
2018 02 02 19 50 296 11.3 14.1  0.99  4.76  4.20 285 1010.4  -2.1   2.4 999.0 99.0 99.00
2018 02 02 20 50 290 11.7 14.8  1.07  5.00  4.34 280 1011.7  -2.5   2.2 999.0 99.0 99.00
2018 02 02 21 50 301 11.4 14.2  1.18  4.35  4.22 285 1013.2  -3.2   2.2 999.0 99.0 99.00
2018 02 02 22 50 296 11.9 14.2  1.17  4.76  4.04 284 1014.4  -3.7   2.2 999.0 99.0 99.00
2018 02 02 23 50 297 11.9 15.1  1.05  4.76  3.65 283 1015.9  -4.4   2.2 999.0 99.0 99.00
2018 02 03 00 50 302 13.1 15.9  1.10  4.55  3.49 292 1017.3  -5.5   2.2 999.0 99.0 99.00
2018 02 03 01 50 295 12.3 15.1  1.20  4.35  3.57 294 1019.1  -6.5   2.4 999.0 99.0 99.00
2018 02 03 02 50 305 11.4 14.5  1.10  4.35  3.49 301 1020.6  -7.2   2.3 999.0 99.0 99.00
2018 02 03 03 50 316 12.8 15.4  0.89  3.70  3.36 300 1021.3  -7.7   2.0 999.0 99.0 99.00
2018 02 03 04 50 310 10.4 12.7  1.01  3.85  3.56 305 1022.3  -8.5   1.6 999.0 99.0 99.00
2018 02 03 05 50 301  9.8 12.5  1.00  4.00  3.74 303 1023.3  -9.0   1.5 999.0 99.0 99.00
2018 02 03 06 50 303  9.2 12.0  0.93  4.17  3.84 296 1023.9  -9.3   1.8 999.0 99.0 99.00
2018 02 03 07 50 309 11.1 14.6  0.92  4.76  4.12 291 1024.6  -9.4   2.0 999.0 99.0 99.00
2018 02 03 08 50 305 11.3 14.7  1.15  5.00  4.31 280 1025.2  -9.5   1.8 999.0 99.0 99.00
2018 02 03 09 50 312 11.0 13.5  1.05  4.76  4.11 271 1026.2  -9.5   1.5 999.0 99.0 99.00
2018 02 03 10 50 317  9.1 12.0  1.01  4.17  4.00 279 1027.4 -10.0   1.5 999.0 99.0 99.00
2018 02 03 11 50 295  9.1 11.5  0.85  3.70  3.54 297 1028.6  -9.5   1.5 999.0 99.0 99.00
2018 02 03 12 50 300  9.0 11.7  0.74  3.45  3.18 297 1029.6  -8.5   1.5 999.0 99.0 99.00
2018 02 03 13 50 292  7.8  9.8  0.62  3.57  3.13 290 1030.2  -7.8   1.6 999.0 99.0 99.00
2018 02 03 14 50 272  7.1  9.1  0.55  3.13  2.98 283 1030.5  -7.6   1.9 999.0 99.0 99.00
2018 02 03 15 50 276  5.8  7.9  0.38  2.74  2.87 266 1030.1  -6.8   1.8 999.0 99.0 99.00
2018 02 03 16 50 267  6.2  7.5  0.32  5.26  3.11 282 1029.5  -5.9   1.4 999.0 99.0 99.00
2018 02 03 17 50 242  9.4 11.7  0.40  2.60  3.11 263 1028.7  -5.1   1.1 999.0 99.0 99.00
2018 02 03 18 50 241  8.4 11.1  0.56  3.57  3.50 247 1028.2  -4.8   1.3 999.0 99.0 99.00
2018 02 03 19 50 234  9.4 12.3  0.62  4.00  3.67 264 1028.1  -3.9   1.9 999.0 99.0 99.00
2018 02 03 20 50 237 10.0 12.6  0.66  4.17  3.74 265 1027.7  -3.0   1.6 999.0 99.0 99.00
2018 02 03 21 50 239 10.8 13.5  0.80  4.00  3.84 267 1027.7  -2.4   1.5 999.0 99.0 99.00
2018 02 03 22 50 252 11.3 13.6  0.89  4.55  3.78 276 1028.7  -2.2   1.5 999.0 99.0 99.00
2018 02 03 23 50 250 10.8 12.7  0.90  4.35  3.68 271 1029.2  -1.7   1.4 999.0 99.0 99.00
2018 02 04 00 50 253  9.6 11.8  0.84  3.85  3.45 262 1029.5  -1.3   1.4 999.0 99.0 99.00
2018 02 04 01 50 250  8.6 10.1  0.78  3.45  3.27 263 1029.6  -0.8   1.5 999.0 99.0 99.00
2018 02 04 02 50 246  9.3 10.7  0.62  3.23  3.00 266 1029.5  -0.2   1.6 999.0 99.0 99.00
2018 02 04 03 50 229 10.3 12.2  0.56  3.23  2.96 254 1029.0   0.3   1.8 999.0 99.0 99.00
2018 02 04 04 50 225  9.2 11.1  0.55  3.23  2.97 248 1029.0   0.7   1.7 999.0 99.0 99.00
2018 02 04 05 50 234  9.1 10.5  0.66  3.70  3.20 255 1028.7   0.9   1.4 999.0 99.0 99.00
2018 02 04 06 50 233  8.2 11.2  0.68  3.45  3.43 241 1028.6   1.0   1.3 999.0 99.0 99.00
2018 02 04 07 50 224  6.4  7.5  0.62  4.00  3.52 257 1028.8   1.2   1.4 999.0 99.0 99.00
2018 02 04 08 50 218  6.4  7.7  0.48  3.85  3.47 262 1028.6   1.6   1.7 999.0 99.0 99.00
2018 02 04 09 50 204  6.3  7.5  0.37  3.33  3.26 267 1028.2   1.8   1.4 999.0 99.0 99.00
2018 02 04 10 50 195  5.9  6.8  0.32  2.74  3.06 227 1027.6   2.0   1.5 999.0 99.0 99.00
2018 02 04 11 50 165  4.2  4.9  0.25 99.00  3.15 999 1027.5   1.8   1.5 999.0 99.0 99.00
2018 02 04 12 50 190  6.3  7.2  0.28  6.67  3.01  97 1027.3   2.3   1.5 999.0 99.0 99.00
2018 02 04 13 50 170  5.3  5.9  0.33  2.47  2.87 176 1027.6   2.7   1.5 999.0 99.0 99.00
2018 02 04 14 50 170  4.5  5.3  0.27  2.86  3.08 173 1027.3   2.7   1.7 999.0 99.0 99.00
2018 02 04 15 50 156  4.1  4.8  0.25 99.00  3.13 999 1026.5   2.8   1.7 999.0 99.0 99.00
2018 02 04 16 50 165  8.1  9.5  0.24 99.00  3.33 999 1024.1   4.7   1.4 999.0 99.0 99.00
2018 02 04 17 50 165  9.8 12.3  0.39  2.86  3.19 157 1021.8   5.2   1.3 999.0 99.0 99.00
2018 02 04 18 50 171  9.0 10.5  0.78  3.85  3.52 159 1020.4   5.1   1.3 999.0 99.0 99.00
2018 02 04 19 50 176  8.1  9.6  0.71  3.70  3.39 159 1019.8   4.6   1.4 999.0 99.0 99.00
2018 02 04 20 50 158  9.2 10.9  0.66  3.45  3.24 147 1018.3   5.2   1.8 999.0 99.0 99.00
2018 02 04 21 50 180  5.7  7.3  0.65  3.33  3.17 165 1018.0   4.7   1.7 999.0 99.0 99.00
2018 02 04 22 50 193  4.4  6.2  0.65  3.33  3.19 169 1017.0   4.3   1.7 999.0 99.0 99.00
2018 02 04 23 50 159 11.0 13.4  0.60  3.13  3.20 155 1014.9   6.0   1.7 999.0 99.0 99.00
2018 02 05 00 50 164  6.7  7.9  0.78  3.45  3.47 153 1014.4   5.2   1.7 999.0 99.0 99.00
2018 02 05 01 50 143  5.5  6.2  0.44  3.03  3.39 152 1011.9   5.2   1.7 999.0 99.0 99.00
2018 02 05 02 50 146  8.4  9.6  0.52  3.03  3.18 149 1009.4   5.9   1.7 999.0 99.0 99.00
2018 02 05 03 50 141  5.1  6.8  0.51  3.33  3.37 149 1007.5   5.5   1.7 999.0 99.0 99.00
2018 02 05 04 50 139  7.3  8.5  0.51  3.13  3.39 151 1003.8   5.8   1.9 999.0 99.0 99.00
2018 02 05 05 50 157  8.9 11.2  0.55  3.33  3.49 143 1000.3   6.6   1.6 999.0 99.0 99.00
2018 02 05 06 50 185 11.6 13.9  0.84  3.70  3.52 157  998.3   7.5   1.5 999.0 99.0 99.00
2018 02 05 07 50 204 10.8 12.7  1.10  4.35  3.88 174  998.0   6.6   1.6 999.0 99.0 99.00
2018 02 05 08 50 232  7.5  8.7  0.88  3.85  3.71 213  998.2   4.5   1.8 999.0 99.0 99.00
2018 02 05 09 50 235  7.3  9.1  0.71  4.55  3.87 263  998.5   3.2   1.9 999.0 99.0 99.00
2018 02 05 10 50 246  6.9  8.3  0.58  3.33  3.74 253  999.9   2.4   1.8 999.0 99.0 99.00
2018 02 05 11 50 259  6.0  6.9  0.50  3.70  3.66 283 1001.8   2.8   1.8 999.0 99.0 99.00
2018 02 05 12 50 278  6.0  6.9  0.47  3.23  3.51 280 1003.5   3.1   1.8 999.0 99.0 99.00
2018 02 05 13 50 280  8.9 10.6  0.48  2.94  3.16 279 1004.5   3.4   1.8 999.0 99.0 99.00
2018 02 05 14 50 280  8.5  9.8  0.55  3.23  3.10 275 1005.7   3.3   1.8 999.0 99.0 99.00
2018 02 05 15 50 279  9.0 10.3  0.58  3.45  3.14 273 1006.8   3.2   1.9 999.0 99.0 99.00
2018 02 05 16 50 280 10.9 13.1  0.63  3.23  3.11 282 1007.7   3.2   1.8 999.0 99.0 99.00
2018 02 05 17 50 283 10.0 11.9  0.74  3.33  3.21 284 1008.7   2.5   1.6 999.0 99.0 99.00
2018 02 05 18 50 281 10.4 12.5  0.83  3.33  3.45 284 1010.2   2.4   1.5 999.0 99.0 99.00
2018 02 05 19 50 293  8.2 11.2  0.87  4.00  3.64 291 1012.1   2.5   1.5 999.0 99.0 99.00
2018 02 05 20 50 296  6.7  8.0  0.76  4.17  3.94 280 1014.5   2.5   1.8 999.0 99.0 99.00
2018 02 05 21 50 294  6.0  7.1  0.70  4.35  3.96 283 1016.3   2.2   2.0 999.0 99.0 99.00
2018 02 05 22 50 300  7.0  8.7  0.67  4.00  3.84 284 1018.0   1.7   1.9 999.0 99.0 99.00
2018 02 05 23 50 298  6.9  8.7  0.58  3.57  3.74 287 1019.6   1.2   1.8 999.0 99.0 99.00
2018 02 06 00 50 302  7.6  9.2  0.58  4.00  3.54 273 1021.3   0.6   1.8 999.0 99.0 99.00
2018 02 06 01 50 304  8.0  9.9  0.60  3.23  3.37 296 1022.7   0.1   1.7 999.0 99.0 99.00
2018 02 06 02 50 306  6.3  7.7  0.57  3.23  3.14 284 1023.3  -0.6   1.8 999.0 99.0 99.00
2018 02 06 03 50 303  6.5  7.5  0.48  3.23  3.09 274 1023.9  -1.1   1.8 999.0 99.0 99.00
2018 02 06 04 50 305  6.0  6.8  0.45  3.13  3.01 283 1024.6  -1.6   1.8 999.0 99.0 99.00
2018 02 06 05 50 315  5.3  6.4  0.40  2.74  3.05 285 1024.8  -2.0   1.7 999.0 99.0 99.00
2018 02 06 06 50 305  3.2  4.2  0.38  4.76  3.46 101 1025.4  -2.4   1.5 999.0 99.0 99.00
2018 02 06 07 50 312  3.4  4.3  0.41 10.00  4.09 303 1026.3  -2.9   1.3 999.0 99.0 99.00
2018 02 06 08 50 304  1.8  2.7  0.44  4.35  4.02  92 1026.5  -3.2   1.3 999.0 99.0 99.00
2018 02 06 09 50 295  0.8  1.2  0.42 10.00  4.41  80 1026.7  -3.0   1.5 999.0 99.0 99.00
2018 02 06 10 50 259  1.1  2.4  0.37 10.81  4.45  70 1026.7  -2.9   1.7 999.0 99.0 99.00
2018 02 06 11 50 266  1.4  2.1  0.29 12.90  4.63  93 1027.4  -2.8   1.6 999.0 99.0 99.00
2018 02 06 12 50 211  3.8  4.8  0.29 12.12  4.86  63 1028.0  -2.2   1.5 999.0 99.0 99.00
2018 02 06 13 50 240  4.7  5.8  0.28 10.81  5.25  93 1028.8  -1.4   1.5 999.0 99.0 99.00
2018 02 06 14 50 257  5.2  6.3  0.26 12.12  4.92 225 1029.6  -0.9   1.6 999.0 99.0 99.00
2018 02 06 15 50 236  2.6  3.3  0.24 99.00  3.72 999 1029.8  -1.0   1.7 999.0 99.0 99.00
2018 02 06 16 50 248  4.1  5.1  0.23 99.00  3.71 999 1029.1  -0.7   1.8 999.0 99.0 99.00
2018 02 06 17 50 247  3.2  3.8  0.23 99.00  3.85 999 1028.4  -0.5   1.7 999.0 99.0 99.00
2018 02 06 18 50 272  2.1  3.3  0.28 10.81  4.17  37 1028.0  -0.6   1.7 999.0 99.0 99.00
2018 02 06 19 50 162  0.7  1.5  0.32 10.00  4.38  73 1027.5  -0.4   1.6 999.0 99.0 99.00
2018 02 06 20 50 168  0.7  1.1  0.39 10.00  4.46  99 1028.1  -0.4   1.6 999.0 99.0 99.00
2018 02 06 21 50 234  1.9  2.3  0.39 10.81  4.62  92 1028.6  -0.1   1.7 999.0 99.0 99.00
2018 02 06 22 50 245  2.1  2.6  0.32 10.81  5.01  99 1029.6   0.3   1.7 999.0 99.0 99.00
2018 02 06 23 50 281  2.0  2.4  0.28 11.43  4.84 100 1030.7   0.3   1.7 999.0 99.0 99.00
2018 02 07 00 50 251  1.8  2.3  0.25 12.12  5.44  51 1031.1   0.4   1.8 999.0 99.0 99.00
2018 02 07 01 50 285  1.8  2.1  0.25 99.00  5.39 999 1031.8   0.4   1.9 999.0 99.0 99.00
2018 02 07 02 50 312  3.2  3.6  0.25 11.43  5.33  73 1032.6   0.5   1.8 999.0 99.0 99.00
2018 02 07 03 50 321  3.9  4.6  0.22 99.00  4.97 999 1032.8   0.4   1.7 999.0 99.0 99.00
2018 02 07 04 50 344  5.0  6.0  0.22 99.00  3.79 999 1033.3   0.2   1.7 999.0 99.0 99.00
2018 02 07 05 50 359  4.5  5.4  0.23 99.00  2.88 999 1033.4   0.1   1.7 999.0 99.0 99.00
2018 02 07 06 50  10  4.2  5.0  0.19 99.00  3.31 999 1033.6   0.1   1.7 999.0 99.0 99.00
2018 02 07 07 50   7  4.7  5.3  0.22 99.00  3.85 999 1033.5   0.1   1.6 999.0 99.0 99.00
2018 02 07 08 50  14  5.0  6.2  0.31  9.09  3.85  90 1033.1  -0.2   1.5 999.0 99.0 99.00
2018 02 07 09 50  12  5.2  6.1  0.35  9.09  3.75  83 1033.0  -0.2   1.5 999.0 99.0 99.00
2018 02 07 10 50  14  5.7  6.4  0.33  9.09  3.26  56 1032.6  -0.1   1.6 999.0 99.0 99.00
2018 02 07 11 50  33  4.5  5.4  0.32 10.00  3.17  55 1031.9   0.1   1.6 999.0 99.0 99.00
2018 02 07 12 50  81  4.8  5.8  0.25 10.00  3.38  45 1032.3   1.6   1.8 999.0 99.0 99.00
2018 02 07 13 50  95  5.4  6.5  0.27 10.81  3.19  63 1031.2   2.2   1.9 999.0 99.0 99.00
2018 02 07 14 50  98  5.3  6.3  0.34 11.43  3.14  57 1030.6   2.7   2.0 999.0 99.0 99.00
2018 02 07 15 50  99  6.9  8.2  0.40  3.13  3.11  77 1027.8   3.1   2.0 999.0 99.0 99.00
2018 02 07 16 50  95  7.1  8.6  0.49  3.70  3.43  78 1025.3   2.9   1.8 999.0 99.0 99.00
2018 02 07 17 50 102  5.9  6.9  0.56  4.00  3.65  75 1023.1   2.8   1.8 999.0 99.0 99.00
2018 02 07 18 50  99  4.3  5.5  0.51  4.17  3.82  80 1021.5   2.8   1.7 999.0 99.0 99.00
2018 02 07 19 50  99  7.5  8.8  0.54  4.76  3.79  83 1017.6   3.0   1.8 999.0 99.0 99.00
2018 02 07 20 50 153  9.5 11.8  0.58  4.35  3.54  65 1015.1   5.9   1.7 999.0 99.0 99.00
2018 02 07 21 50 194 12.3 15.2  0.94  3.33  3.59 140 1014.4   7.2   1.8 999.0 99.0 99.00
2018 02 07 22 50 216  9.5 11.2  1.03  4.00  3.77 188 1014.4   6.6   1.8 999.0 99.0 99.00
2018 02 07 23 50 203 10.5 12.0  0.83  3.57  3.65 207 1012.4   6.9   1.9 999.0 99.0 99.00
2018 02 08 00 50 205 10.5 12.7  0.87  3.70  3.62 211 1011.4   6.9   2.0 999.0 99.0 99.00
2018 02 08 01 50 193 10.3 11.9  0.90  3.57  3.56 199 1009.6   6.0   2.3 999.0 99.0 99.00
2018 02 08 02 50 249 11.5 14.3  0.92  3.70  3.48 192 1010.5   6.4   2.5 999.0 99.0 99.00
2018 02 08 03 50 244  7.0  8.4  0.78  3.33  3.47 209 1010.8   4.2   2.3 999.0 99.0 99.00
2018 02 08 04 50 301 10.5 12.5  0.58  5.56  3.46 102 1011.7   3.7   2.0 999.0 99.0 99.00
2018 02 08 05 50 318  7.4  8.7  0.62  3.45  3.19 290 1013.2   2.6   1.9 999.0 99.0 99.00
2018 02 08 06 50 316  9.6 11.9  0.70  3.45  3.20 302 1014.7   1.9   1.9 999.0 99.0 99.00
2018 02 08 07 50 314  9.7 11.5  0.83  3.45  3.27 319 1015.6   1.1   1.8 999.0 99.0 99.00
2018 02 08 08 50 317 11.7 14.2  0.86  3.57  3.40 332 1016.5   0.1   1.7 999.0 99.0 99.00
2018 02 08 09 50 321  9.2 11.4  0.94  3.70  3.62 314 1018.2  -0.4   1.7 999.0 99.0 99.00
2018 02 08 10 50 323  9.1 10.8  0.86  4.17  3.76 304 1019.1  -0.9   1.7 999.0 99.0 99.00
2018 02 08 11 50 329 10.5 12.6  0.85  3.70  3.69 328 1019.9  -1.2   1.7 999.0 99.0 99.00
2018 02 08 12 50 327  9.8 11.8  0.90  4.35  3.78 312 1021.9  -1.6   1.9 999.0 99.0 99.00
2018 02 08 13 50 332 10.7 12.5  0.97  4.35  3.85 309 1022.8  -2.4   1.9 999.0 99.0 99.00
2018 02 08 14 50 335 10.3 12.8  0.90  4.00  3.67 318 1023.6  -2.7   2.0 999.0 99.0 99.00
2018 02 08 15 50 334  9.9 11.7  0.99  4.00  3.72 330 1024.2  -2.9   2.1 999.0 99.0 99.00
2018 02 08 16 50 340  7.9 10.5  0.81  3.70  3.51 327 1024.3  -2.8   2.1 999.0 99.0 99.00
2018 02 08 17 50 336  8.2  9.9  0.73  3.45  3.35 340 1023.7  -2.5   2.1 999.0 99.0 99.00
2018 02 08 18 50 340  7.4  8.6  0.62  3.45  3.26 344 1023.7  -2.3   1.9 999.0 99.0 99.00
2018 02 08 19 50 345  6.0  7.2  0.57  3.33  3.13   1 1024.6  -1.8   1.8 999.0 99.0 99.00
2018 02 08 20 50   5  4.5  6.3  0.47  2.94  3.12   1 1024.8  -1.7   1.7 999.0 99.0 99.00
2018 02 08 21 50   6  1.7  2.6  0.44  3.03  3.49  18 1025.7  -1.9   1.7 999.0 99.0 99.00
2018 02 08 22 50 208  0.3  0.8  0.42  9.09  3.57  81 1026.4  -2.3   1.7 999.0 99.0 99.00
2018 02 08 23 50 195  1.3  2.0  0.34 10.00  3.89  73 1027.3  -2.0   1.5 999.0 99.0 99.00
2018 02 09 00 50 194  1.7  2.8  0.30  7.14  3.88 112 1027.5  -1.9   1.8 999.0 99.0 99.00
2018 02 09 01 50 207  1.9  2.8  0.26  9.09  4.07  61 1027.9  -1.4   1.8 999.0 99.0 99.00
2018 02 09 02 50 298  6.3  7.8  0.27 10.00  3.92 100 1028.9  -0.8   2.1 999.0 99.0 99.00
2018 02 09 03 50 313  7.7 10.0  0.39  3.03  3.12 274 1029.3  -1.7   2.2 999.0 99.0 99.00
2018 02 09 04 50 302  5.7  7.1  0.53  3.13  3.15 286 1030.3  -2.4   2.2 999.0 99.0 99.00
2018 02 09 05 50 310  7.6  9.2  0.50  3.03  3.07 307 1030.4  -2.5   2.0 999.0 99.0 99.00
2018 02 09 06 50 305  6.6  7.9  0.41  3.13  2.98 284 1030.7  -2.5   1.9 999.0 99.0 99.00
2018 02 09 07 50 299  6.6  8.2  0.43  2.94  2.86 280 1031.4  -2.5   1.6 999.0 99.0 99.00
2018 02 09 08 50 297  6.7  7.9  0.40  2.60  2.87 301 1032.3  -2.7   1.6 999.0 99.0 99.00
2018 02 09 09 50 296  5.8  7.5  0.37  2.86  3.03 291 1032.8  -2.3   1.6 999.0 99.0 99.00
2018 02 09 10 50 301  6.1  7.3  0.38  2.86  3.14 298 1033.7  -2.6   1.5 999.0 99.0 99.00
2018 02 09 11 50 317  5.1  6.2  0.39  3.23  3.26 298 1033.6  -2.7   1.5 999.0 99.0 99.00
2018 02 09 12 50 312  5.3  6.4  0.33  3.23  3.28 284 1033.7  -2.3   1.7 999.0 99.0 99.00
2018 02 09 13 50 323  4.5  5.7  0.29  2.94  3.09 288 1035.0  -2.2   2.0 999.0 99.0 99.00
2018 02 09 14 50 329  4.1  5.1  0.30  3.13  3.00 283 1034.9  -2.5   2.1 999.0 99.0 99.00
2018 02 09 15 50 285  2.3  3.3  0.25  2.86  3.03 282 1035.5  -2.3   2.4 999.0 99.0 99.00
2018 02 09 16 50 246  1.6  2.7  0.21 99.00  3.26 999 1035.2  -2.1   2.5 999.0 99.0 99.00
2018 02 09 17 50 238  1.7  2.8  0.21 99.00  3.45 999 1034.7  -2.2   2.6 999.0 99.0 99.00
2018 02 09 18 50 218  4.3  5.2  0.17 99.00  3.76 999 1034.3  -1.5   2.5 999.0 99.0 99.00
2018 02 09 19 50 206  4.5  5.4  0.15 99.00  3.54 999 1033.5  -1.4   2.3 999.0 99.0 99.00
2018 02 09 20 50 235  5.8  6.8  0.13 99.00  3.76 999 1033.7  -0.9   2.1 999.0 99.0 99.00
2018 02 09 21 50 247  6.9  8.3  0.23 99.00  2.68 999 1033.4  -0.5   2.0 999.0 99.0 99.00
2018 02 09 22 50 235  5.9  7.1  0.34  2.60  2.74 265 1033.7  -0.3   1.8 999.0 99.0 99.00
2018 02 09 23 50 229  5.7  6.7  0.32  2.86  2.96 255 1033.6   0.3   1.7 999.0 99.0 99.00
2018 02 10 00 50 208  5.3  6.2  0.32  3.03  3.07 252 1033.1   0.8   1.7 999.0 99.0 99.00
2018 02 10 01 50 204  5.7  6.7  0.30  2.74  3.07 237 1032.9   1.1   1.7 999.0 99.0 99.00
2018 02 10 02 50 192  5.0  5.9  0.28  2.74  3.00 228 1032.8   1.4   1.9 999.0 99.0 99.00
2018 02 10 03 50 187  4.7  5.4  0.21 99.00  2.97 999 1032.3   1.6   2.1 999.0 99.0 99.00
2018 02 10 04 50 171  4.7  5.3  0.20 99.00  3.13 999 1031.6   1.9   2.2 999.0 99.0 99.00
2018 02 10 05 50 169  5.2  6.2  0.18 99.00  3.54 999 1031.2   2.1   2.1 999.0 99.0 99.00
2018 02 10 06 50 147  5.4  6.2  0.23 99.00  3.14 999 1030.7   2.1   1.9 999.0 99.0 99.00
2018 02 10 07 50 147  4.9  6.2  0.21 99.00  2.95 999 1029.8   2.3   1.8 999.0 99.0 99.00
2018 02 10 08 50 154  5.8  6.4  0.28  2.74  2.81 152 1028.9   2.9   1.7 999.0 99.0 99.00
2018 02 10 09 50 166  7.8  8.8  0.44  3.13  3.05 153 1028.3   4.2   1.6 999.0 99.0 99.00
2018 02 10 10 50 163  7.8  8.8  0.48  3.13  3.11 147 1027.9   4.0   1.6 999.0 99.0 99.00
2018 02 10 11 50 179  8.2  9.3  0.54  3.45  3.15 150 1027.7   4.6   1.6 999.0 99.0 99.00
2018 02 10 12 50 181  7.9  9.3  0.58  3.33  3.20 174 1027.8   5.1   1.6 999.0 99.0 99.00
2018 02 10 13 50 173  6.8  7.4  0.60  3.45  3.17 179 1027.4   5.5   1.8 999.0 99.0 99.00
2018 02 10 14 50 178  7.2  8.0  0.56  3.23  3.07 182 1027.3   6.1   2.1 999.0 99.0 99.00
2018 02 10 15 50 182  7.1  8.5  0.51  3.23  3.10 189 1026.6   6.1   2.4 999.0 99.0 99.00
2018 02 10 16 50 177  7.7  8.7  0.51  3.23  3.08 185 1025.3   6.3   2.5 999.0 99.0 99.00
2018 02 10 17 50 181  6.9  7.7  0.53  3.33  3.18 177 1024.8   5.7   2.6 999.0 99.0 99.00
2018 02 10 18 50 179  6.9  7.8  0.52  3.13  3.12 171 1023.9   5.7   2.6 999.0 99.0 99.00
2018 02 10 19 50 171  7.4  8.5  0.47  3.03  3.09 172 1022.9   5.9   2.4 999.0 99.0 99.00
2018 02 10 20 50 173  7.8  8.8  0.51  3.23  3.08 159 1022.4   6.2   2.2 999.0 99.0 99.00
2018 02 10 21 50 176  7.6  8.5  0.50  3.45  3.15 158 1022.1   6.0   2.1 999.0 99.0 99.00
2018 02 10 22 50 177  6.9  7.5  0.53  3.45  3.25 161 1022.1   5.8   1.9 999.0 99.0 99.00
2018 02 10 23 50 182  5.4  6.0  0.54  3.33  3.22 163 1021.9   5.1   1.8 999.0 99.0 99.00
2018 02 11 00 50 184  6.9  8.1  0.54  3.45  3.20 157 1021.0   5.7   1.8 999.0 99.0 99.00
2018 02 11 01 50 178  7.9  8.7  0.57  3.33  3.30 181 1020.0   5.9   1.8 999.0 99.0 99.00
2018 02 11 02 50 179  6.4  7.3  0.60  3.33  3.32 172 1019.0   5.5   1.9 999.0 99.0 99.00
2018 02 11 03 50 193  5.1  6.2  0.50  2.86  3.12 184 1018.4   5.8   2.0 999.0 99.0 99.00
2018 02 11 04 50 186  5.4  6.1  0.45  3.03  3.12 184 1017.4   7.0   2.3 999.0 99.0 99.00
2018 02 11 05 50 211  7.6  9.7  0.35  2.47  3.26 173 1016.4   6.5   2.5 999.0 99.0 99.00
2018 02 11 06 50 222  6.0  6.8  0.39  2.47  3.10 200 1017.0   5.0   2.3 999.0 99.0 99.00
2018 02 11 07 50 231  6.8  7.7  0.40  3.13  3.12 183 1017.1   4.9   2.1 999.0 99.0 99.00
2018 02 11 08 50 245  6.2  7.2  0.37  2.86  3.03 191 1017.4   4.5   1.9 999.0 99.0 99.00
2018 02 11 09 50 239  5.5  6.1  0.35  2.60  3.23 217 1017.8   4.2   1.9 999.0 99.0 99.00
2018 02 11 10 50 230  5.8  7.2  0.33  5.88  3.48  79 1018.6   3.6   1.8 999.0 99.0 99.00
2018 02 11 11 50 235  3.9  4.8  0.31  5.56  3.79 103 1018.7   3.7   1.8 999.0 99.0 99.00
2018 02 11 12 50 245  3.2  3.6  0.34  5.26  4.08  94 1019.5   3.4   1.8 999.0 99.0 99.00
2018 02 11 13 50 254  2.5  3.0  0.32  4.17  4.14  93 1020.1   3.4   1.9 999.0 99.0 99.00
2018 02 11 14 50  20  1.5  1.8  0.29  6.25  4.15  90 1019.5   3.2   2.1 999.0 99.0 99.00
2018 02 11 15 50 347  0.4  1.1  0.26  7.69  4.54  89 1019.5   4.0   2.4 999.0 99.0 99.00
2018 02 11 16 50  79  1.4  2.5  0.22 99.00  4.45 999 1018.7   3.6   2.5 999.0 99.0 99.00
2018 02 11 17 50 122  4.0  4.8  0.23 99.00  4.86 999 1016.4   4.1   2.5 999.0 99.0 99.00
2018 02 11 18 50 186  1.1  2.0  0.25 99.00  5.19 999 1016.5   4.5   2.6 999.0 99.0 99.00
2018 02 11 19 50 192  8.4  9.6  0.25  9.09  4.81  91 1015.1   6.8   2.7 999.0 99.0 99.00
2018 02 11 20 50 208  6.6  8.5  0.41  2.60  3.00 177 1014.5   6.5   2.6 999.0 99.0 99.00
2018 02 11 21 50 181  5.3  6.3  0.42  3.03  3.05 171 1014.2   5.2   2.3 999.0 99.0 99.00
2018 02 11 22 50 199  8.3  9.4  0.39  2.74  3.27 189 1013.6   6.2   2.2 999.0 99.0 99.00
2018 02 11 23 50 226 10.0 12.9  0.58  3.23  3.10 190 1013.8   7.5   2.0 999.0 99.0 99.00
2018 02 12 00 50 208 11.8 13.4  0.57  3.33  3.31 199 1012.9   8.1   1.9 999.0 99.0 99.00
2018 02 12 01 50 207 10.6 11.9  0.92  3.85  3.64 201 1013.0   7.6   1.9 999.0 99.0 99.00
2018 02 12 02 50 214 11.1 13.5  0.85  3.85  3.63 228 1012.5   8.0   2.0 999.0 99.0 99.00
2018 02 12 03 50 213 11.1 12.8  1.02  4.17  3.79 231 1012.2   8.4   2.0 999.0 99.0 99.00
2018 02 12 04 50 219 11.4 13.1  0.96  3.70  3.76 214 1012.4   8.6   2.2 999.0 99.0 99.00
2018 02 12 05 50 231  8.6 10.6  0.96  3.85  3.77 220 1012.8   7.8   2.3 999.0 99.0 99.00
2018 02 12 06 50 222 10.1 12.0  0.82  4.00  3.58 248 1013.1   7.8   2.4 999.0 99.0 99.00
2018 02 12 07 50 228  9.3 10.5  0.78  4.00  3.43 254 1013.1   6.4   2.2 999.0 99.0 99.00
2018 02 12 08 50 233  8.5  9.7  0.69  3.70  3.26 249 1013.8   6.0   2.1 999.0 99.0 99.00
2018 02 12 09 50 245  7.4  8.3  0.54  3.23  3.18 257 1015.0   4.5   2.1 999.0 99.0 99.00
2018 02 12 10 50 245  8.2  9.4  0.52  3.45  3.17 262 1015.8   4.5   2.1 999.0 99.0 99.00
2018 02 12 11 50 243  6.1  7.0  0.51  2.86  3.40 270 1017.0   4.0   2.0 999.0 99.0 99.00
2018 02 12 12 50 295  3.5  3.9  0.43  4.00  3.54 233 1018.9   3.9   1.9 999.0 99.0 99.00
2018 02 12 13 50 313  4.1  4.8  0.39  8.33  3.74  95 1020.4   4.3   1.9 999.0 99.0 99.00
2018 02 12 14 50 341  4.7  5.3  0.36  8.33  4.03  91 1021.4   4.2   2.1 999.0 99.0 99.00
2018 02 12 15 50 348  5.1  5.7  0.31  8.33  4.24  75 1022.6   3.6   2.4 999.0 99.0 99.00
2018 02 12 16 50 353  3.8  4.3  0.31  9.09  3.51 136 1023.6   3.6   2.5 999.0 99.0 99.00
2018 02 12 17 50 358  5.4  6.1  0.36  2.74  3.24  11 1023.8   3.5   2.6 999.0 99.0 99.00
2018 02 12 18 50 339  5.2  6.0  0.40  2.86  3.11   6 1025.0   3.9   2.7 999.0 99.0 99.00
2018 02 12 19 50 357  4.4  5.0  0.42  3.03  3.24 355 1025.8   3.5   2.7 999.0 99.0 99.00
2018 02 12 20 50 357  4.5  5.1  0.38  3.13  3.32   5 1027.5   3.3   2.6 999.0 99.0 99.00
2018 02 12 21 50   6  2.3  2.6  0.32  2.47  3.29 346 1028.5   3.0   2.4 999.0 99.0 99.00
2018 02 12 22 50 261  1.2  1.6  0.31  4.55  3.20  96 1029.9   2.5   2.2 999.0 99.0 99.00
2018 02 12 23 50 304  1.7  2.2  0.30  4.55  3.40  84 1031.3   2.3   2.2 999.0 99.0 99.00
2018 02 13 00 50 299  2.5  2.8  0.27  4.76  3.68  88 1032.2   2.2   2.1 999.0 99.0 99.00
2018 02 13 01 50 307  2.8  3.1  0.29  4.35  4.11  90 1032.9   1.9   2.0 999.0 99.0 99.00
2018 02 13 02 50 323  4.4  5.4  0.35  8.33  4.30  70 1033.6   2.1   1.9 999.0 99.0 99.00
2018 02 13 03 50 313  4.3  5.4  0.32  9.09  4.02  98 1034.6   1.9   2.1 999.0 99.0 99.00
2018 02 13 04 50 316  4.4  5.3  0.34  2.74  3.23 305 1035.5   1.4   2.3 999.0 99.0 99.00
2018 02 13 05 50 319  6.5  7.5  0.37  3.03  3.16 301 1035.7   0.9   2.4 999.0 99.0 99.00
2018 02 13 06 50 328  8.0 10.0  0.52  3.03  3.19 325 1036.8   0.7   2.4 999.0 99.0 99.00
2018 02 13 07 50 344  9.3 11.6  0.69  3.70  3.39 355 1036.9   0.8   2.4 999.0 99.0 99.00
2018 02 13 08 50 353  9.8 11.5  0.75  3.70  3.42 353 1037.7   0.0   2.4 999.0 99.0 99.00
2018 02 13 09 50 351  9.5 11.3  0.85  3.70  3.50 356 1038.8  -0.7   2.2 999.0 99.0 99.00
2018 02 13 10 50 352  9.5 12.1  0.89  3.85  3.57   5 1040.1  -1.3   2.0 999.0 99.0 99.00
2018 02 13 11 50 352 10.1 12.3  0.88  4.00  3.54   5 1040.7  -1.5   1.9 999.0 99.0 99.00
2018 02 13 12 50 357  9.8 11.2  0.86  3.85  3.51   8 1042.0  -1.3   1.9 999.0 99.0 99.00
2018 02 13 13 50 359  9.6 11.9  0.93  3.85  3.60  11 1043.1  -1.4   1.9 999.0 99.0 99.00
2018 02 13 14 50   2  8.8 10.6  0.85  3.85  3.53  10 1042.9  -1.4   1.9 999.0 99.0 99.00
2018 02 13 15 50 357  7.5  9.4  0.77  3.70  3.56 355 1043.2  -1.4   2.2 999.0 99.0 99.00
2018 02 13 16 50 360  6.2  7.7  0.62  3.57  3.31   1 1042.7  -1.0   2.3 999.0 99.0 99.00
2018 02 13 17 50 355  4.0  5.5  0.55  3.23  3.22  12 1042.1  -0.8   2.5 999.0 99.0 99.00
2018 02 13 18 50  51  4.9  6.4  0.43  2.86  3.09 339 1041.9  -0.5   2.6 999.0 99.0 99.00
2018 02 13 19 50  73  3.7  4.8  0.38  2.86  3.28   8 1041.6  -0.7   2.6 999.0 99.0 99.00
2018 02 13 20 50 108  2.4  3.4  0.31  2.74  3.32  42 1041.4  -0.9   2.6 999.0 99.0 99.00
2018 02 13 21 50  92  2.4  3.6  0.26  4.35  3.53  10 1041.5  -1.0   2.5 999.0 99.0 99.00
2018 02 13 22 50 144  2.8  3.4  0.21 99.00  3.79 999 1041.3  -0.9   2.4 999.0 99.0 99.00
2018 02 13 23 50 138  3.5  4.7  0.18 99.00  3.68 999 1040.9  -0.8   2.3 999.0 99.0 99.00
2018 02 14 00 50 150  3.3  4.1  0.16 99.00  3.73 999 1040.3  -0.6   2.1 999.0 99.0 99.00
2018 02 14 01 50 159  4.1  5.0  0.16 99.00  3.95 999 1039.6  -0.4   2.0 999.0 99.0 99.00
2018 02 14 02 50 182  4.7  5.6  0.26  4.35  4.45  56 1039.0  -0.1   1.9 999.0 99.0 99.00
2018 02 14 03 50 170  4.5  5.8  0.32  4.00  3.48  86 1037.7   0.2   1.9 999.0 99.0 99.00
2018 02 14 04 50 173  5.5  6.3  0.34  2.47  3.19 173 1036.2   0.3   2.1 999.0 99.0 99.00
2018 02 14 05 50 170  4.7  5.8  0.33  2.60  3.04 191 1035.0   0.4   2.2 999.0 99.0 99.00
2018 02 14 06 50 173  4.6  5.4  0.27  2.25  3.10 168 1034.2   0.7   2.3 999.0 99.0 99.00
2018 02 14 07 50 186  4.4  5.1  0.23 99.00  3.23 999 1033.2   1.2   2.4 999.0 99.0 99.00
2018 02 14 08 50 171  4.0  5.0  0.23 99.00  3.51 999 1032.0   1.4   2.4 999.0 99.0 99.00
2018 02 14 10 50 159  4.1  4.8  0.21 99.00  3.44 999 1030.1   1.6   2.3 999.0 99.0 99.00
2018 02 14 11 50 177  3.4  4.2  0.17 99.00  3.36 999 1029.1   2.0   2.2 999.0 99.0 99.00
2018 02 14 12 50 177  5.3  6.5  0.20 99.00  3.04 999 1028.8   2.5   2.1 999.0 99.0 99.00
2018 02 14 13 50 175  5.6  6.6  0.40  2.94  3.02 169 1028.1   2.6   2.0 999.0 99.0 99.00
2018 02 14 14 50 201  4.6  5.4  0.36  2.74  3.26 182 1027.1   2.8   2.0 999.0 99.0 99.00
2018 02 14 15 50 214  4.0  4.7  0.37  3.45  3.21 253 1026.2   3.1   2.1 999.0 99.0 99.00
2018 02 14 16 50 229  3.9  4.7  0.28  2.86  3.22 260 1024.7   3.3   2.3 999.0 99.0 99.00
2018 02 14 17 50 236  4.0  4.9  0.25  4.00  3.30 306 1023.4   3.4   2.6 999.0 99.0 99.00
2018 02 14 18 50 221  6.1  7.3  0.26  2.47  2.83 227 1021.9   3.8   2.7 999.0 99.0 99.00
2018 02 14 19 50 224  6.4  7.4  0.29  2.60  2.73 239 1021.2   3.9   2.8 999.0 99.0 99.00
2018 02 14 20 50 217  6.2  8.0  0.37  3.57  3.01 289 1020.3   3.9   2.9 999.0 99.0 99.00
2018 02 14 21 50 232  7.2  8.5  0.43  3.13  3.01 275 1019.5   3.5   2.8 999.0 99.0 99.00
2018 02 14 22 50 242  7.8  8.8  0.47  3.03  2.93 260 1019.2   3.1   2.7 999.0 99.0 99.00
2018 02 14 23 50 243  8.1 10.3  0.45  3.03  2.90 253 1019.1   3.1   2.5 999.0 99.0 99.00
2018 02 15 00 50 247  8.4 10.1  0.49  2.94  2.86 260 1018.8   3.1   2.3 999.0 99.0 99.00
2018 02 15 01 50 246  7.5  8.8  0.54  2.74  3.16 264 1018.8   3.0   2.2 999.0 99.0 99.00
2018 02 15 02 50 236  5.7  6.5  0.45  2.94  2.97 264 1018.4   3.1   2.2 999.0 99.0 99.00
2018 02 15 03 50 233  4.9  6.1  0.36  2.94  3.32 259 1018.2   3.0   2.1 999.0 99.0 99.00
2018 02 15 04 50 236  5.3  6.1  0.33  3.33  3.45 262 1017.8   3.0   2.1 999.0 99.0 99.00
2018 02 15 05 50 234  5.1  5.6  0.30  2.60  3.36 247 1017.4   2.9   2.2 999.0 99.0 99.00
2018 02 15 06 50 236  3.9  4.7  0.29  2.74  3.17 251 1017.0   3.2   2.4 999.0 99.0 99.00
2018 02 15 07 50 212  4.5  5.2  0.26  2.86  3.21 260 1016.4   3.1   2.5 999.0 99.0 99.00
2018 02 15 08 50 218  4.3  4.9  0.25 99.00  3.28 999 1015.6   3.3   2.6 999.0 99.0 99.00
2018 02 15 09 50 212  4.3  4.8  0.26  5.56  3.14  93 1014.7   3.4   2.6 999.0 99.0 99.00
2018 02 15 10 50 225  4.4  4.8  0.27  5.88  3.30 107 1014.4   3.6   2.4 999.0 99.0 99.00
2018 02 15 11 50 204  6.4  7.5  0.25  5.56  3.32  92 1013.8   3.6   2.3 999.0 99.0 99.00
2018 02 15 12 50 218  5.3  6.1  0.29  2.74  3.07 234 1013.5   3.9   2.2 999.0 99.0 99.00
2018 02 15 13 50 254  3.1  3.5  0.30  3.03  3.15 209 1013.1   3.3   2.2 999.0 99.0 99.00
2018 02 15 14 50 272  2.3  2.8  0.29  3.23  3.49 146 1012.9   3.1   2.2 999.0 99.0 99.00
2018 02 15 15 50 231  4.2  4.9  0.32  5.88  3.99 110 1012.2   3.6   2.2 999.0 99.0 99.00
2018 02 15 16 50 237  4.2  5.0  0.29 10.00  3.78  75 1010.9   3.5   2.2 999.0 99.0 99.00
2018 02 15 17 50 227  5.0  6.2  0.26  2.47  3.48 235 1009.6   3.6   2.4 999.0 99.0 99.00
2018 02 15 18 50 244  4.5  5.8  0.21 99.00  3.43 999 1009.0   3.4   2.6 999.0 99.0 99.00
2018 02 15 19 50 233  4.7  5.6  0.24 99.00  2.94 999 1008.2   3.4   2.7 999.0 99.0 99.00
2018 02 15 20 50 220  5.2  6.3  0.23 99.00  3.25 999 1007.4   3.6   2.9 999.0 99.0 99.00
2018 02 15 21 50 238  6.1  7.2  0.26 11.43  3.02  71 1007.8   3.6   2.9 999.0 99.0 99.00
2018 02 15 22 50 237  6.6  7.5  0.35  2.60  2.91 248 1007.4   3.6   2.8 999.0 99.0 99.00
2018 02 15 23 50 235  5.9  6.7  0.33  2.35  2.91 240 1007.7   3.1   2.7 999.0 99.0 99.00
2018 02 16 00 50 220  5.4  6.2  0.27  3.57  3.28 256 1007.5   3.2   2.5 999.0 99.0 99.00
2018 02 16 01 50 215  6.9  8.1  0.23 99.00  3.27 999 1007.1   3.5   2.4 999.0 99.0 99.00
2018 02 16 02 50 218  5.7  7.1  0.24 99.00  3.48 999 1006.8   4.1   2.3 999.0 99.0 99.00
2018 02 16 03 50 209  7.9  9.1  0.33  2.60  3.34 222 1006.1   4.5   2.3 999.0 99.0 99.00
2018 02 16 04 50 200  6.1  7.1  0.37  2.94  3.53 209 1005.2   4.7   2.3 999.0 99.0 99.00
2018 02 16 05 50 202  7.1  8.7  0.38  2.86  3.11 208 1004.6   5.1   2.4 999.0 99.0 99.00
2018 02 16 06 50 205  4.9  5.9  0.38  3.03  3.22 207 1003.7   4.6   2.6 999.0 99.0 99.00
2018 02 16 07 50 187  5.5  6.6  0.32  2.60  3.14 206 1001.8   4.9   2.8 999.0 99.0 99.00
2018 02 16 08 50 198  5.8  6.3  0.28  2.60  3.05 203 1001.3   4.6   3.0 999.0 99.0 99.00
2018 02 16 09 50 233  6.0  6.8  0.29  2.47  3.37 199 1001.5   4.9   3.0 999.0 99.0 99.00
2018 02 16 10 50 278  2.1  2.5  0.28  4.76  3.67  78 1001.2   3.8   2.9 999.0 99.0 99.00
2018 02 16 11 50 274  3.7  4.5  0.29  3.13  3.57 231 1000.7   4.8   2.7 999.0 99.0 99.00
2018 02 16 12 50 249  3.5  4.0  0.28  4.55  3.57 137 1000.6   4.4   2.6 999.0 99.0 99.00
2018 02 16 13 50 250  4.0  4.4  0.26  6.67  3.77 112 1001.5   4.0   2.5 999.0 99.0 99.00
2018 02 16 14 50 246  2.8  3.6  0.27  4.17  3.84 158 1001.1   4.3   2.4 999.0 99.0 99.00
2018 02 16 15 50 197  2.8  3.2  0.33  4.55  4.12 113  999.8   3.6   2.4 999.0 99.0 99.00
2018 02 16 16 50 234  3.9  4.4  0.31  7.69  4.44  84  999.2   3.4   2.4 999.0 99.0 99.00
2018 02 16 17 50 276  4.1  5.2  0.31  5.26  3.81 261 1000.6   3.4   2.5 999.0 99.0 99.00
2018 02 16 18 50 276  4.5  5.1  0.23 99.00  3.76 999 1000.6   4.3   2.7 999.0 99.0 99.00
2018 02 16 19 50 295  4.3  5.0  0.19 99.00  3.39 999 1001.3   5.0   3.1 999.0 99.0 99.00
2018 02 16 20 50 283  2.5  2.8  0.19 99.00  3.53 999 1002.1   4.4   3.2 999.0 99.0 99.00
2018 02 16 21 50 275  3.3  3.7  0.19 99.00  3.87 999 1003.2   4.6   3.4 999.0 99.0 99.00
2018 02 16 22 50 300  6.8  7.7  0.20 99.00  3.64 999 1005.3   5.5   3.3 999.0 99.0 99.00
2018 02 16 23 50 276  5.3  6.5  0.37  2.60  2.90 319 1006.1   5.2   3.0 999.0 99.0 99.00
2018 02 17 00 50 286  6.8  7.7  0.54  3.13  3.00 290 1008.2   4.8   2.8 999.0 99.0 99.00
2018 02 17 01 50 310  7.5  8.6  0.53  2.94  2.89 308 1010.2   5.1   2.6 999.0 99.0 99.00
2018 02 17 02 50 340 11.5 14.5  0.67  3.23  3.15 317 1012.3   4.0   2.5 999.0 99.0 99.00
2018 02 17 03 50 337 12.6 15.2  0.95  4.35  3.60 348 1014.2   3.5   2.4 999.0 99.0 99.00
2018 02 17 04 50 341 11.2 14.3  1.13  4.17  3.79 353 1016.7   2.6   2.4 999.0 99.0 99.00
2018 02 17 05 50 349 10.9 13.8  1.03  4.17  3.77 341 1018.7   2.0   2.4 999.0 99.0 99.00
2018 02 17 06 50 345  9.5 11.5  1.05  4.35  3.80 344 1020.4   1.3   2.6 999.0 99.0 99.00
2018 02 17 07 50 344  9.8 12.1  1.00  4.17  3.83 345 1021.8   0.9   2.8 999.0 99.0 99.00
2018 02 17 08 50 344  8.9 10.4  0.81  4.17  3.72 336 1023.1   0.6   2.9 999.0 99.0 99.00
2018 02 17 09 50 340  7.9  9.6  0.82  3.85  3.56 344 1025.4   0.3   3.1 999.0 99.0 99.00
2018 02 17 10 50 342  7.8  9.6  0.72  3.57  3.43 345 1026.4   0.0   3.1 999.0 99.0 99.00
2018 02 17 11 50 348  8.3 10.2  0.71  3.45  3.30 358 1027.7  -0.3   2.9 999.0 99.0 99.00
2018 02 17 12 50 354  7.6  8.8  0.68  3.57  3.27 358 1029.3  -0.2   2.8 999.0 99.0 99.00
2018 02 17 13 50 357  7.4  9.0  0.54  3.13  3.17 360 1029.6  -0.3   2.5 999.0 99.0 99.00
2018 02 17 14 50 359  5.3  6.3  0.51  3.33  3.08  16 1029.9  -0.5   2.4 999.0 99.0 99.00
2018 02 17 15 50  12  2.7  4.1  0.43  3.33  3.20  30 1030.1  -0.4   2.4 999.0 99.0 99.00
2018 02 17 16 50  18  0.6  1.2  0.39  2.74  3.48  17 1029.8   0.3   2.5 999.0 99.0 99.00
2018 02 17 17 50  62  1.8  2.6  0.38  6.25  3.57  89 1028.3   0.3   2.9 999.0 99.0 99.00
2018 02 17 18 50  61  2.2  3.0  0.30  6.67  3.72  99 1027.7   0.6   3.0 999.0 99.0 99.00
2018 02 17 19 50  60  4.1  5.2  0.28  4.00  3.83 146 1027.1   0.6   3.2 999.0 99.0 99.00
2018 02 17 20 50 100  2.2  3.1  0.23 99.00  3.91 999 1028.2   0.8   3.6 999.0 99.0 99.00
2018 02 17 21 50 160  7.9  9.1  0.24 99.00  4.46 999 1027.9   1.8   3.7 999.0 99.0 99.00
2018 02 17 22 50 152  8.0  9.6  0.50  2.86  2.96 149 1026.2   1.9   3.7 999.0 99.0 99.00
2018 02 17 23 50 129  6.3  7.4  0.50  3.23  3.14 136 1026.3   2.1   3.4 999.0 99.0 99.00
2018 02 18 00 50 115  7.7  9.6  0.43  3.13  3.24 135 1024.0   2.3   3.2 999.0 99.0 99.00
2018 02 18 01 50 120  6.8  8.6  0.52  3.57  3.47  93 1023.7   2.5   2.9 999.0 99.0 99.00
2018 02 18 02 50 112  8.5 10.1  0.57  4.17  3.69  97 1021.4   1.2   2.6 999.0 99.0 99.00
2018 02 18 03 50 107  9.5 11.4  0.74  4.35  3.84  82 1019.2   2.0   2.5 999.0 99.0 99.00
2018 02 18 04 50 106  9.2 11.2  0.81  4.35  3.83  82 1016.7   2.7   2.5 999.0 99.0 99.00
2018 02 18 05 50 105  7.8  9.1  1.01  4.55  3.88  81 1014.3   3.1   2.4 999.0 99.0 99.00
2018 02 18 06 50 104  4.8  5.9  0.86  5.00  3.85  81 1012.7   3.6   2.6 999.0 99.0 99.00
2018 02 18 07 50 107  4.1  5.1  0.67  5.88  3.70  78 1011.0   4.0   2.9 999.0 99.0 99.00
2018 02 18 08 50 106  2.6  3.3  0.58  6.25  3.92  80 1010.1   4.2   3.3 999.0 99.0 99.00
2018 02 18 09 50 354  1.0  1.3  0.51  6.25  3.88  87 1009.8   4.2   3.4 999.0 99.0 99.00
2018 02 18 10 50 286  4.5  5.3  0.45  6.25  4.10  94 1010.7   4.5   3.4 999.0 99.0 99.00
2018 02 18 11 50 297 11.0 13.2  0.56  2.60  2.99 305 1012.3   1.7   3.5 999.0 99.0 99.00
2018 02 18 12 50 313  9.6 10.9  0.79  3.33  3.22 295 1014.3   1.8   3.3 999.0 99.0 99.00
2018 02 18 13 50 315 11.4 14.3  0.94  3.57  3.37 305 1015.8   2.3   2.9 999.0 99.0 99.00
2018 02 18 14 50 316 11.3 13.8  0.96  3.70  3.40 317 1018.4   2.7   2.8 999.0 99.0 99.00
2018 02 18 15 50 330 11.9 14.6  1.04  4.00  3.54 335 1020.0   3.0   2.7 999.0 99.0 99.00
2018 02 18 16 50 345 11.6 13.3  1.16  4.55  3.83 335 1020.2   2.9   2.6 999.0 99.0 99.00
2018 02 18 17 50 338  9.9 11.9  1.10  4.35  3.88 334 1022.0   2.8   2.7 999.0 99.0 99.00
2018 02 18 18 50 335  7.8  9.4  0.93  4.35  3.86 328 1024.0   3.1   3.0 999.0 99.0 99.00
2018 02 18 19 50 323  3.4  4.1  0.70  4.17  3.65 336 1025.8   3.5   3.5 999.0 99.0 99.00
2018 02 18 20 50 352  1.3  1.9  0.46  3.57  3.51 314 1026.4   4.4   3.6 999.0 99.0 99.00
2018 02 18 21 50  24  1.2  2.1  0.40  3.33  3.56 284 1027.4   4.0   3.8 999.0 99.0 99.00
2018 02 18 22 50 124  0.2  0.7  0.36  6.67  3.64  81 1029.0   3.4   3.8 999.0 99.0 99.00
2018 02 18 23 50  28  0.1  0.6  0.34  7.14  3.79  78 1030.3   3.2   3.8 999.0 99.0 99.00
2018 02 19 00 50 182  1.7  2.1  0.31  8.33  3.92  85 1031.7   3.1   3.5 999.0 99.0 99.00
2018 02 19 01 50 161  1.2  1.7  0.27  4.17  3.94  83 1032.6   2.7   3.6 999.0 99.0 99.00
2018 02 19 02 50 120  1.4  1.7  0.25  4.55  4.05  39 1033.0   2.7   3.5 999.0 99.0 99.00
2018 02 19 03 50 165  0.0  0.0  0.24 99.00  3.96 999 1033.9   2.4   3.1 999.0 99.0 99.00
2018 02 19 04 50 298  1.9  2.8  0.25 99.00  4.66 999 1034.5   2.2   3.0 999.0 99.0 99.00
2018 02 19 05 50   9  2.1  2.4  0.35  7.14  4.68  77 1034.6   2.5   2.8 999.0 99.0 99.00
2018 02 19 06 50  45  2.9  3.2  0.44  6.67  4.17  83 1034.2   2.5   2.9 999.0 99.0 99.00
2018 02 19 07 50 149  3.2  3.8  0.40  7.14  4.02  88 1034.2   2.6   3.2 999.0 99.0 99.00
2018 02 19 08 50 144  4.4  5.0  0.35  6.67  4.29  81 1034.4   2.9   3.4 999.0 99.0 99.00
2018 02 19 09 50 154  5.2  6.0  0.33 10.81  4.69  54 1034.8   2.9   3.6 999.0 99.0 99.00
2018 02 19 10 50 166  5.9  7.0  0.37 10.00  4.74  69 1034.9   3.0   3.7 999.0 99.0 99.00
2018 02 19 11 50 175  5.9  6.9  0.41  5.00  3.42  88 1035.7   3.3   3.7 999.0 99.0 99.00
2018 02 19 12 50 173  6.0  6.8  0.41  2.60  3.15 159 1036.0   4.0   3.6 999.0 99.0 99.00
2018 02 19 13 50 171  5.7  6.6  0.39  2.74  3.10 171 1035.6   4.3   3.5 999.0 99.0 99.00
2018 02 19 14 50 165  4.8  5.6  0.33  2.86  3.16 165 1035.5   4.4   3.5 999.0 99.0 99.00
2018 02 19 15 50 171  5.3  6.0  0.34  3.13  3.18 146 1034.9   4.7   3.3 999.0 99.0 99.00
2018 02 19 16 50 171  7.0  8.1  0.41  3.13  3.29 141 1033.2   5.2   3.1 999.0 99.0 99.00
2018 02 19 17 50 181  5.8  6.6  0.56  3.03  3.52 153 1032.7   5.4   3.1 999.0 99.0 99.00
2018 02 19 18 50 175  5.8  6.7  0.68  3.33  3.67 175 1031.4   5.8   3.1 999.0 99.0 99.00
2018 02 19 19 50 174  7.0  8.2  0.67  3.13  3.58 160 1030.4   6.0   3.2 999.0 99.0 99.00
2018 02 19 20 50 179  7.3  8.4  0.68  3.33  3.44 173 1030.1   6.2   3.6 999.0 99.0 99.00
2018 02 19 21 50 191  7.8  9.7  0.63  3.57  3.47 176 1030.0   6.1   3.8 999.0 99.0 99.00
2018 02 19 22 50 197  7.7  9.1  0.62  3.33  3.29 170 1029.9   5.7   3.8 999.0 99.0 99.00
2018 02 19 23 50 194  7.0  7.9  0.55  3.13  3.28 173 1029.7   5.5   3.9 999.0 99.0 99.00
2018 02 20 00 50 192  7.4  8.6  0.48  2.74  3.23 179 1029.1   5.7   3.9 999.0 99.0 99.00
2018 02 20 01 50 195  7.5  8.6  0.47  2.94  3.02 178 1029.0   5.9   3.7 999.0 99.0 99.00
2018 02 20 02 50 193  7.0  7.9  0.46  3.13  3.19 169 1028.8   5.8   3.5 999.0 99.0 99.00
2018 02 20 03 50 203  5.5  6.6  0.44  3.57  3.18 148 1029.0   5.4   3.2 999.0 99.0 99.00
2018 02 20 04 50 199  6.1  6.9  0.38  2.86  3.26 169 1028.0   5.3   3.1 999.0 99.0 99.00
2018 02 20 05 50 206  4.3  4.9  0.39 10.00  3.76 106 1027.9   5.3   3.1 999.0 99.0 99.00
2018 02 20 06 50 227  6.2  7.3  0.46  4.76  4.01  81 1027.1   6.2   3.1 999.0 99.0 99.00
2018 02 20 07 50 206  8.9 10.2  0.63  3.13  3.56 213 1025.5   6.5   3.0 999.0 99.0 99.00
2018 02 20 08 50 220  9.2 10.7  0.68  3.45  3.44 216 1025.4   7.2   3.3 999.0 99.0 99.00
2018 02 20 09 50 224  8.8 10.1  0.82  3.70  3.56 214 1025.7   6.6   3.7 999.0 99.0 99.00
2018 02 20 10 50 229  8.7 10.2  0.76  3.45  3.59 231 1026.0   6.7   3.7 999.0 99.0 99.00
2018 02 20 11 50 231  8.2  9.8  0.59  3.33  3.36 237 1026.3   6.6   3.8 999.0 99.0 99.00
2018 02 20 12 50 227  8.0  8.9  0.61  3.03  3.26 227 1026.6   6.3   3.8 999.0 99.0 99.00
2018 02 20 13 50 228  7.6  9.0  0.61  2.94  3.13 225 1026.7   6.2   3.8 999.0 99.0 99.00
2018 02 20 14 50 233  7.6  8.6  0.58  3.03  3.07 245 1026.9   6.1   3.5 999.0 99.0 99.00
2018 02 20 15 50 230  8.1  9.3  0.49  2.94  3.05 226 1026.6   5.9   3.3 999.0 99.0 99.00
2018 02 20 16 50 243  5.4  6.0  0.41  2.86  3.17 212 1026.2   4.9   3.2 999.0 99.0 99.00
2018 02 20 17 50 246  6.8  7.8  0.39  5.26  3.38  90 1025.8   5.4   3.2 999.0 99.0 99.00
2018 02 20 18 50 253  6.1  6.8  0.48 11.43  3.60 261 1025.5   5.0   3.2 999.0 99.0 99.00
2018 02 20 19 50 245  5.8  6.5  0.52 11.43  3.79  74 1025.5   4.9   3.2 999.0 99.0 99.00
2018 02 20 20 50 237  6.1  7.3  0.45  3.70  3.75 266 1025.6   5.0   3.4 999.0 99.0 99.00
2018 02 20 21 50 237  6.9  8.0  0.49  3.57  3.52 264 1026.0   5.2   3.8 999.0 99.0 99.00
2018 02 20 22 50 230  5.6  6.2  0.49  3.33  3.39 251 1026.5   4.9   3.9 999.0 99.0 99.00
2018 02 20 23 50 230  7.9  9.0  0.44  3.45  3.19 272 1026.6   5.5   4.0 999.0 99.0 99.00
2018 02 21 00 50 234  8.6  9.6  0.55  3.13  3.19 259 1026.7   5.5   3.9 999.0 99.0 99.00
2018 02 21 01 50 241  8.8 10.1  0.58  3.13  3.16 245 1027.1   5.8   3.9 999.0 99.0 99.00
2018 02 21 02 50 240  7.2  8.0  0.57  3.03  3.04 252 1027.3   5.2   3.7 999.0 99.0 99.00
2018 02 21 03 50 246  5.0  6.2  0.35  3.03  3.06 253 1027.6   4.8   3.4 999.0 99.0 99.00
2018 02 21 04 50 240  6.9  7.8  0.35  3.23  3.12 265 1027.5   5.1   3.3 999.0 99.0 99.00
2018 02 21 05 50 248  5.6  6.5  0.40  2.94  3.11 268 1027.7   5.0   3.3 999.0 99.0 99.00
2018 02 21 06 50 239  6.6  7.7  0.50  2.74  3.27 270 1027.2   5.3   3.2 999.0 99.0 99.00
2018 02 21 07 50 236  5.9  6.8  0.47  3.23  3.59 274 1026.7   5.1   3.2 999.0 99.0 99.00
2018 02 21 08 50 233  4.2  5.1  0.47  3.33  3.61 275 1026.8   5.1   3.3 999.0 99.0 99.00
2018 02 21 09 50 233  6.0  6.8  0.41  3.85  3.48 282 1026.2   5.3   3.7 999.0 99.0 99.00
2018 02 21 10 50 231  7.1  8.3  0.42  3.70  3.38 290 1025.5   5.5   3.7 999.0 99.0 99.00
2018 02 21 11 50 248  7.8  8.7  0.41  3.57  3.12 285 1025.6   5.5   3.9 999.0 99.0 99.00
2018 02 21 12 50 240  8.1  9.7  0.48  3.45  3.31 286 1026.1   5.4   4.0 999.0 99.0 99.00
2018 02 21 13 50 232  9.9 11.3  0.56  3.70  3.04 276 1025.8   6.1   4.0 999.0 99.0 99.00
2018 02 21 14 50 236  8.2  9.5  0.68  3.57  3.31 249 1026.2   6.1   4.0 999.0 99.0 99.00
2018 02 21 15 50 232  8.0  9.0  0.55  3.23  3.06 246 1025.9   5.9   3.8 999.0 99.0 99.00
2018 02 21 16 50 229  7.8  9.0  0.50  3.13  3.01 257 1025.2   6.0   3.6 999.0 99.0 99.00
2018 02 21 17 50 228  7.2  8.2  0.52  3.23  3.12 257 1024.2   6.0   3.4 999.0 99.0 99.00
2018 02 21 18 50 225  8.8  9.9  0.49  3.13  3.18 247 1023.1   6.6   3.4 999.0 99.0 99.00
2018 02 21 19 50 233  7.5  8.9  0.63  3.33  3.40 238 1023.2   6.5   3.4 999.0 99.0 99.00
2018 02 21 20 50 233  8.1  9.5  0.67  3.33  3.51 237 1023.2   6.6   3.4 999.0 99.0 99.00
2018 02 21 21 50 225  6.7  7.5  0.60  3.45  3.52 232 1023.4   6.0   3.7 999.0 99.0 99.00
2018 02 21 22 50 229  6.4  7.2  0.49  3.57  3.47 265 1023.7   5.6   3.9 999.0 99.0 99.00
2018 02 21 23 50 226  8.3  9.8  0.47  3.13  3.33 236 1023.6   5.8   4.0 999.0 99.0 99.00
2018 02 22 00 50 251  6.0  6.8  0.47  3.13  3.22 257 1024.8   5.4   4.1 999.0 99.0 99.00
2018 02 22 01 50 255  7.4  8.6  0.44  3.23  3.20 258 1025.8   5.3   4.1 999.0 99.0 99.00
2018 02 22 02 50 243  6.8  7.6  0.48  2.94  3.09 253 1025.8   5.2   4.0 999.0 99.0 99.00
2018 02 22 03 50 311  3.3  4.6  0.38  2.74  3.04 250 1027.7   4.4   3.7 999.0 99.0 99.00
2018 02 22 04 50 289  1.7  1.9  0.32  2.86  3.16 261 1028.4   4.8   3.6 999.0 99.0 99.00
2018 02 22 05 50 263  1.8  2.5  0.29  6.25  3.50  76 1029.9   5.6   3.5 999.0 99.0 99.00
2018 02 22 06 50   5  4.8  5.5  0.29  6.25  3.88  96 1030.4   6.1   3.5 999.0 99.0 99.00
2018 02 22 07 50  15  6.7  7.7  0.32 12.90  4.53  82 1030.8   6.1   3.5 999.0 99.0 99.00
2018 02 22 08 50   6  8.4 10.0  0.48  2.94  3.24 357 1031.9   6.3   3.4 999.0 99.0 99.00
2018 02 22 09 50  19  6.1  6.9  0.58  3.57  3.27   8 1032.9   5.3   3.5 999.0 99.0 99.00
2018 02 22 10 50  26  7.2  8.3  0.58  3.33  3.15   5 1034.4   5.4   3.7 999.0 99.0 99.00
2018 02 22 11 50  28  8.0  9.5  0.60  3.45  3.22  31 1035.1   5.2   3.8 999.0 99.0 99.00
2018 02 22 12 50  22  6.9  7.9  0.64  3.57  3.26  43 1036.5   4.8   4.1 999.0 99.0 99.00
2018 02 22 13 50  23  6.2  7.2  0.56  3.33  3.32  35 1036.3   4.7   4.1 999.0 99.0 99.00
2018 02 22 14 50  39  7.0  8.8  0.51  3.45  3.25  46 1036.3   4.8   4.2 999.0 99.0 99.00
2018 02 22 15 50  26  7.4  9.2  0.57  3.57  3.39  50 1036.2   4.5   4.1 999.0 99.0 99.00
2018 02 22 16 50  20  7.3  8.6  0.60  3.57  3.59  50 1036.5   4.2   3.9 999.0 99.0 99.00
2018 02 22 17 50  31  7.3  8.9  0.61  3.70  3.59  59 1036.2   4.1   3.7 999.0 99.0 99.00
2018 02 22 18 50  31  8.2  9.9  0.61  3.85  3.53  59 1035.0   3.8   3.6 999.0 99.0 99.00
2018 02 22 19 50  33  7.5  9.8  0.68  3.70  3.53  51 1034.9   3.5   3.5 999.0 99.0 99.00
2018 02 22 20 50  26  7.9  9.4  0.72  3.57  3.50  47 1035.7   3.4   3.5 999.0 99.0 99.00
2018 02 22 21 50  17  8.0  9.2  0.72  3.23  3.34  38 1036.4   3.3   3.6 999.0 99.0 99.00
2018 02 22 22 50  18  8.0 10.1  0.72  3.33  3.25  31 1037.6   1.7   3.7 999.0 99.0 99.00
2018 02 22 23 50  15  8.9 10.3  0.62  3.23  3.32  39 1038.3   0.9   4.0 999.0 99.0 99.00
2018 02 23 00 50  36  8.2  9.8  0.77  3.13  3.30  30 1037.8   1.2   4.0 999.0 99.0 99.00
2018 02 23 01 50  43  7.4  8.5  0.70  3.70  3.39  44 1036.9   1.7   4.1 999.0 99.0 99.00
2018 02 23 02 50  33  6.8  8.2  0.57  3.57  3.42  63 1038.2   2.1   4.1 999.0 99.0 99.00
2018 02 23 03 50  33  6.6  7.8  0.50  3.03  3.47  55 1038.0   2.1   4.1 999.0 99.0 99.00
2018 02 23 04 50  23  6.4  7.8  0.52  3.70  3.51  69 1038.6   2.1   4.1 999.0 99.0 99.00
2018 02 23 05 50  15  6.4  7.4  0.45  3.85  3.60  80 1038.4   2.0   3.9 999.0 99.0 99.00
2018 02 23 06 50  15  5.4  6.5  0.44  3.57  3.36  85 1038.3   2.2   3.8 999.0 99.0 99.00
2018 02 23 07 50  42  5.8  6.8  0.47  3.33  3.42  65 1038.0   2.5   3.5 999.0 99.0 99.00
2018 02 23 08 50  35  6.5  7.7  0.54  5.00  3.55  85 1038.2   2.6   3.5 999.0 99.0 99.00
2018 02 23 09 50  36  7.2  8.7  0.54  3.70  3.37  75 1038.1   2.6   3.6 999.0 99.0 99.00
2018 02 23 10 50  46  7.2  8.4  0.56  3.13  3.17  56 1038.2   2.8   3.6 999.0 99.0 99.00
2018 02 23 11 50  41  5.9  7.3  0.52  2.86  3.18  46 1038.7   3.4   4.0 999.0 99.0 99.00
2018 02 23 12 50  61  7.3  8.6  0.54  3.03  3.20  43 1038.4   3.9   4.1 999.0 99.0 99.00
2018 02 23 13 50  61  7.2  8.7  0.51  3.03  3.14  66 1038.0   4.0   4.2 999.0 99.0 99.00
2018 02 23 14 50  81  6.4  7.4  0.53  3.57  3.29  67 1037.8   4.0   4.3 999.0 99.0 99.00
2018 02 23 15 50  91  6.0  7.3  0.47  3.45  3.32  75 1037.2   3.9   4.3 999.0 99.0 99.00
2018 02 23 16 50 100  6.7  7.9  0.45  4.35  3.39  72 1035.7   3.7   4.2 999.0 99.0 99.00
2018 02 23 17 50 110  6.4  7.6  0.45  3.70  3.57  86 1034.8   3.5   4.2 999.0 99.0 99.00
2018 02 23 18 50 115  6.2  7.3  0.46  3.85  3.57  86 1033.4   3.5   4.2 999.0 99.0 99.00
2018 02 23 19 50 115  4.5  5.5  0.43  4.00  3.54  81 1033.1   3.4   3.9 999.0 99.0 99.00
2018 02 23 20 50 104  5.5  6.8  0.42  3.70  3.48  73 1031.5   3.1   3.8 999.0 99.0 99.00
2018 02 23 21 50 111  6.7  7.9  0.52  4.35  3.51  77 1029.9   2.9   3.8 999.0 99.0 99.00
2018 02 23 22 50 115  7.6  8.8  0.59  3.70  3.37  77 1027.8   2.9   3.8 999.0 99.0 99.00
2018 02 23 23 50 126  7.2  8.8  0.62  3.23  3.14  83 1026.4   3.4   3.9 999.0 99.0 99.00
2018 02 24 00 50 137  5.9  6.8  0.58  2.94  3.29 115 1024.9   3.5   4.2 999.0 99.0 99.00
2018 02 24 01 50 144  5.8  6.9  0.52  2.86  3.40 129 1022.7   4.0   4.3 999.0 99.0 99.00
2018 02 24 02 50 165  5.3  7.2  0.47  5.88  3.42  73 1020.6   4.7   4.4 999.0 99.0 99.00
2018 02 24 03 50 230  4.3  5.0  0.43  5.26  3.43  87 1019.4   5.4   4.4 999.0 99.0 99.00
2018 02 24 04 50 276  5.2  5.7  0.40  2.86  3.51 150 1019.0   4.2   4.2 999.0 99.0 99.00
2018 02 24 05 50 276  5.9  6.8  0.32  4.76  3.49  97 1018.4   3.3   4.2 999.0 99.0 99.00
2018 02 24 06 50 271  9.2 10.6 99.00 99.00 99.00 999 1017.6   4.3   4.1 999.0 99.0 99.00
2018 02 24 07 50 270 10.0 11.9  0.36  2.60  2.72 285 1017.1   4.4   3.9 999.0 99.0 99.00
2018 02 24 08 50 268  8.5 10.4  0.61  3.03  2.98 274 1017.3   3.9   3.7 999.0 99.0 99.00
2018 02 24 09 50 268  7.5  8.9  0.58  3.45  3.29 278 1017.9   3.9   3.7 999.0 99.0 99.00
2018 02 24 10 50 253  7.3  9.3  0.50  3.57  3.35 274 1018.3   3.6   3.7 999.0 99.0 99.00
2018 02 24 11 50 248  8.2  9.5  0.45  3.33  3.34 274 1018.5   3.3   3.7 999.0 99.0 99.00
2018 02 24 12 50 266  6.4  7.4  0.52  3.57  3.42 261 1019.4   3.4   3.9 999.0 99.0 99.00
2018 02 24 13 50 276  4.3  5.7  0.40  3.70  3.32 268 1019.9   3.5   4.2 999.0 99.0 99.00
2018 02 24 14 50 238  4.3  5.6  0.36  3.45  3.16 285 1019.7   4.1   4.3 999.0 99.0 99.00
2018 02 24 15 50 230  5.0  5.8  0.32  3.45  3.21 298 1019.8   3.5   4.4 999.0 99.0 99.00
2018 02 24 16 50 231  5.0  5.6  0.28  3.23  3.29 283 1019.3   4.2   4.5 999.0 99.0 99.00
2018 02 24 17 50 226  4.3  4.9  0.27  4.17  3.29 331 1018.9   4.7   4.4 999.0 99.0 99.00
2018 02 24 18 50 229  3.6  4.4  0.23 99.00  3.26 999 1019.1   4.5   4.3 999.0 99.0 99.00
2018 02 24 19 50 228  6.1  6.8  0.25 99.00  3.38 999 1020.3   4.3   4.1 999.0 99.0 99.00
2018 02 24 20 50 248  1.4  2.1  0.23 99.00  3.26 999 1019.9   4.7   4.0 999.0 99.0 99.00
2018 02 24 21 50 218  1.9  2.3  0.26  6.25  3.41  90 1021.8   4.5   3.9 999.0 99.0 99.00
2018 02 24 22 50 225  1.6  1.9  0.26  5.88  3.95  91 1021.9   4.8   3.9 999.0 99.0 99.00
2018 02 24 23 50 219  1.6  2.1  0.28  6.25  3.79  75 1021.9   4.4   3.9 999.0 99.0 99.00
2018 02 25 00 50  48  2.0  2.5  0.21 99.00  3.77 999 1022.2   4.4   4.1 999.0 99.0 99.00
2018 02 25 01 50  32  1.6  2.0  0.16 99.00  3.84 999 1023.4   4.6   4.3 999.0 99.0 99.00
2018 02 25 02 50  53  2.3  2.5  0.16 99.00  4.11 999 1024.0   5.1   4.4 999.0 99.0 99.00
2018 02 25 03 50   9  2.2  2.7  0.13 99.00  4.73 999 1024.4   4.9   4.5 999.0 99.0 99.00
2018 02 25 04 50   8  2.3  2.7  0.16 99.00  4.70 999 1024.8   5.2   4.5 999.0 99.0 99.00
2018 02 25 05 50  20  3.5  4.6  0.17 99.00  4.30 999 1024.9   5.0   4.5 999.0 99.0 99.00
2018 02 25 06 50  52  7.2  8.5  0.19 99.00  3.16 999 1024.6   5.1   4.3 999.0 99.0 99.00
2018 02 25 07 50  52  7.4  8.6  0.34  3.23  3.15  63 1024.9   5.2   4.2 999.0 99.0 99.00
2018 02 25 08 50  70  7.7  9.7  0.57  3.57  3.45  61 1024.6   5.1   4.2 999.0 99.0 99.00
2018 02 25 09 50  74  8.7 10.0  0.66  3.85  3.49  75 1023.9   5.1   4.0 999.0 99.0 99.00
2018 02 25 10 50  78  8.2 10.1  0.87  4.55  3.68  75 1024.4   4.9   4.0 999.0 99.0 99.00
2018 02 25 11 50  77  8.5  9.9  0.88  4.55  3.62  77 1024.3   4.5   4.0 999.0 99.0 99.00
2018 02 25 12 50  86  8.9 10.6  0.91  4.76  3.74  72 1023.8   4.6   4.1 999.0 99.0 99.00
2018 02 25 13 50  93 10.2 11.7  0.85  4.76  3.50  75 1022.9   4.6   4.5 999.0 99.0 99.00
2018 02 25 14 50  94 11.3 13.5  0.93  5.26  3.51  75 1021.1   4.4   4.6 999.0 99.0 99.00
2018 02 25 15 50  94 10.9 13.3  1.00  4.17  3.72  81 1020.7   4.3   4.7 999.0 99.0 99.00
2018 02 25 16 50  88 11.8 14.5  1.04  4.76  3.82  77 1019.3   4.2   4.7 999.0 99.0 99.00
2018 02 25 17 50  82 11.1 13.1  1.00  4.00  3.85  85 1017.5   4.8   4.7 999.0 99.0 99.00
2018 02 25 18 50  93 12.0 15.4  0.99  4.35  4.03  82 1015.5   5.1   4.7 999.0 99.0 99.00
2018 02 25 19 50  99 12.2 15.0  1.16  5.00  4.36  79 1013.7   5.4   4.6 999.0 99.0 99.00
2018 02 25 20 50 105 12.7 15.3  1.26  4.76  4.38  86 1011.7   5.8   4.5 999.0 99.0 99.00
2018 02 25 21 50 120 11.0 14.0  1.26  5.26  4.49  87 1010.1   6.1   4.3 999.0 99.0 99.00
2018 02 25 22 50 127  3.6  5.1  1.17  5.00  4.42  91 1012.1   6.6   4.2 999.0 99.0 99.00
2018 02 25 23 50 178  1.8  3.3  0.83  4.55  4.07  87 1011.0   5.7   4.2 999.0 99.0 99.00
2018 02 26 00 50 327  3.5  4.0  0.72  6.67  4.24  90 1011.2   4.5   4.2 999.0 99.0 99.00
2018 02 26 01 50 307  5.0  6.1  0.68  6.67  4.25  85 1012.1   4.5   4.4 999.0 99.0 99.00
2018 02 26 02 50 309  6.4  7.6  0.66  7.69  4.16  85 1012.5   4.6   4.6 999.0 99.0 99.00
2018 02 26 03 50 306  6.3  7.4  0.61  4.17  3.98  86 1014.0   4.5   4.8 999.0 99.0 99.00
2018 02 26 04 50 320  6.1  7.4  0.60  4.55  3.80  84 1014.2   4.4   4.9 999.0 99.0 99.00
2018 02 26 05 50 325  7.3  8.7  0.53  3.03  3.35 319 1014.2   4.3   4.9 999.0 99.0 99.00
2018 02 26 06 50 318  6.7  8.0  0.50  2.94  3.22 326 1014.7   4.2   4.8 999.0 99.0 99.00
2018 02 26 07 50 318  6.8  8.5  0.47  3.03  3.14 332 1014.9   4.1   4.6 999.0 99.0 99.00
2018 02 26 08 50 320  7.1  8.5  0.46  2.86  3.07 350 1015.5   3.9   4.5 999.0 99.0 99.00
2018 02 26 09 50 320  6.2  7.2  0.48  2.94  3.01 355 1016.3   3.8   4.3 999.0 99.0 99.00
2018 02 26 10 50 330  4.4  5.1  0.45  3.03  3.27 353 1016.3   3.6   4.2 999.0 99.0 99.00
2018 02 26 11 50 319  4.5  5.2  0.47  7.69  3.93  93 1016.4   3.5   4.2 999.0 99.0 99.00
2018 02 26 12 50 308  3.3  4.9  0.49  6.67  4.06 100 1017.2   3.6   4.2 999.0 99.0 99.00
2018 02 26 13 50 314  4.6  5.7  0.49  7.69  4.22  89 1017.3   3.8   4.3 999.0 99.0 99.00
2018 02 26 14 50 264  3.9  4.9  0.48  8.33  4.35  77 1017.8   4.1   4.7 999.0 99.0 99.00
2018 02 26 15 50 262  4.9  5.7  0.42  8.33  4.17  89 1017.9   4.0   4.9 999.0 99.0 99.00
2018 02 26 16 50 255  3.6  4.3  0.34  4.17  3.90  86 1018.0   4.7   5.0 999.0 99.0 99.00
2018 02 26 17 50 265  3.5  4.3  0.33  8.33  4.15  76 1017.9   4.6   5.0 999.0 99.0 99.00
2018 02 26 18 50 262  3.9  4.4  0.27  8.33  3.86 100 1017.4   5.1   5.0 999.0 99.0 99.00
2018 02 26 19 50 277  4.6  5.3  0.26  4.76  3.85  93 1017.1   5.3   5.0 999.0 99.0 99.00
2018 02 26 20 50 280  5.6  6.2  0.23 99.00  3.67 999 1017.2   5.7   4.8 999.0 99.0 99.00
2018 02 26 21 50 270  3.8  5.6  0.19 99.00  3.84 999 1017.7   5.6   4.7 999.0 99.0 99.00
2018 02 26 22 50 274  4.0  4.7  0.18 99.00  3.92 999 1018.6   5.7   4.4 999.0 99.0 99.00
2018 02 26 23 50 280  4.4  5.0  0.24 99.00  4.09 999 1019.2   5.3   4.3 999.0 99.0 99.00
2018 02 27 00 50 269  4.1  4.5  0.33  7.14  4.43  92 1019.4   5.1   4.2 999.0 99.0 99.00
2018 02 27 01 50 268  4.5  5.2  0.40  7.69  4.59  89 1019.9   5.0   4.2 999.0 99.0 99.00
2018 02 27 02 50 302  6.0  8.2  0.38  6.67  4.19  84 1020.2   5.7   4.4 999.0 99.0 99.00
2018 02 27 03 50 313  8.8 11.0  0.41  2.74  3.36 290 1020.5   5.9   4.5 999.0 99.0 99.00
2018 02 27 04 50 306  6.7  8.2  0.58  3.85  3.57 286 1021.7   5.5   4.7 999.0 99.0 99.00
2018 02 27 05 50 318  6.7  7.8  0.58  3.85  3.52 282 1022.5   5.1   4.8 999.0 99.0 99.00
2018 02 27 06 50 322  5.9  6.9  0.47  3.13  3.24 301 1022.9   4.7   4.8 999.0 99.0 99.00
2018 02 27 07 50 310  6.3  7.5  0.38  2.74  3.03 306 1023.8   4.2   4.7 999.0 99.0 99.00
2018 02 27 08 50 315  5.6  6.5  0.35  2.47  2.80 323 1024.3   3.8   4.5 999.0 99.0 99.00
2018 02 27 09 50 323  5.8  6.7  0.31  2.60  2.87 323 1024.6   3.5   4.3 999.0 99.0 99.00
2018 02 27 10 50 306  4.5  5.3  0.27  2.86  2.80 288 1025.1   3.2   4.2 999.0 99.0 99.00
2018 02 27 11 50 295  4.3  4.9  0.25 99.00  3.14 999 1025.9   3.2   4.1 999.0 99.0 99.00
2018 02 27 12 50 309  4.1  4.7  0.30  7.69  4.04  90 1026.4   3.5   4.0 999.0 99.0 99.00
2018 02 27 13 50 300  5.1  6.3  0.31  3.70  3.91 106 1027.0   3.5   4.1 999.0 99.0 99.00
2018 02 27 14 50 292  3.2  4.0  0.30  2.74  3.55 310 1027.1   4.0   4.3 999.0 99.0 99.00
2018 02 27 15 50 268  4.2  4.7  0.27  9.09  3.57  72 1027.0   3.8   4.7 999.0 99.0 99.00
2018 02 27 16 50 268  3.8  4.3  0.25  5.00  3.73  85 1026.6   4.1   5.0 999.0 99.0 99.00
2018 02 27 17 50 233  3.2  4.3  0.26  6.67  3.74  82 1025.7   4.9   5.2 999.0 99.0 99.00
2018 02 27 18 50 229  5.1  6.1  0.24 99.00  4.17 999 1025.1   4.7   5.3 999.0 99.0 99.00
2018 02 27 19 50 227  6.2  7.4  0.29  2.47  3.03 261 1024.9   4.9   5.3 999.0 99.0 99.00
2018 02 27 20 50 232  6.8  8.0  0.31  2.47  2.72 248 1024.7   4.8   5.2 999.0 99.0 99.00
2018 02 27 21 50 244  8.5 10.0  0.47  2.74  2.71 251 1023.8   5.1   4.9 999.0 99.0 99.00
2018 02 27 22 50 235  5.8  6.6  0.35  2.47  2.72 254 1024.5   4.7   4.7 999.0 99.0 99.00
2018 02 27 23 50 239  6.9  8.5  0.26  2.60  2.95 242 1024.2   4.6   4.4 999.0 99.0 99.00
2018 02 28 00 50 241  8.0  9.4  0.35  2.47  2.80 238 1023.7   4.7   4.4 999.0 99.0 99.00
2018 02 28 01 50 245  8.0  9.0  0.52  2.86  3.17 247 1023.7   4.8   4.3 999.0 99.0 99.00
2018 02 28 02 50 249  7.3  8.4  0.52  3.70  3.42 250 1023.5   4.9   4.3 999.0 99.0 99.00
2018 02 28 03 50 249  7.8  9.2  0.45  3.03  3.40 256 1022.9   5.3   4.4 999.0 99.0 99.00
2018 02 28 04 50 253  7.9  9.4  0.47  3.45  3.32 268 1022.3   5.0   4.6 999.0 99.0 99.00
2018 02 28 05 50 248  6.9  8.0  0.45  3.70  3.40 274 1022.0   5.0   4.9 999.0 99.0 99.00
2018 02 28 06 50 238  6.3  7.7  0.46  3.70  3.27 279 1022.1   5.0   4.9 999.0 99.0 99.00
2018 02 28 07 50 239  7.9  9.1  0.47  3.33  3.05 274 1021.7   5.3   5.0 999.0 99.0 99.00
2018 02 28 08 50 245  8.2  9.4  0.53  3.13  2.99 262 1021.2   5.1   4.9 999.0 99.0 99.00
2018 02 28 09 50 244  8.1  9.6  0.53  3.23  2.95 266 1020.8   4.9   4.7 999.0 99.0 99.00
2018 02 28 10 50 237  8.5  9.7  0.44  2.86  2.81 263 1020.4   4.9   4.4 999.0 99.0 99.00
2018 02 28 11 50 244  9.4 11.5  0.45  2.60  2.86 252 1020.0   5.0   4.3 999.0 99.0 99.00
2018 02 28 12 50 243  8.7 10.3  0.54  3.13  3.01 256 1020.0   5.1   4.2 999.0 99.0 99.00
2018 02 28 13 50 243  8.9 10.6  0.57  3.57  3.26 246 1019.4   5.2   4.2 999.0 99.0 99.00
2018 02 28 14 50 243  8.7 10.3  0.64  3.70  3.50 247 1019.4   5.2   4.2 999.0 99.0 99.00
2018 02 28 15 50 234  7.8  9.4  0.59  3.85  3.61 254 1019.1   5.4   4.3 999.0 99.0 99.00
2018 02 28 16 50 229  8.1  9.9  0.50  4.00  3.47 263 1018.0   5.6   4.6 999.0 99.0 99.00
2018 02 28 17 50 224  8.5 10.1  0.54  4.17  3.42 284 1017.0   5.9   5.0 999.0 99.0 99.00
2018 02 28 18 50 218  7.6  9.3  0.58  3.33  3.31 249 1016.2   6.1   5.1 999.0 99.0 99.00
2018 02 28 19 50 217  8.0  9.5  0.54  3.70  3.31 281 1015.6   6.3   5.2 999.0 99.0 99.00
2018 02 28 20 50 204  8.3  9.9  0.60  3.23  3.07 240 1014.7   6.5   5.2 999.0 99.0 99.00
2018 02 28 21 50 211  8.8 10.4  0.61  3.03  3.11 213 1014.1   6.4   5.0 999.0 99.0 99.00
2018 02 28 22 50 211  8.9 10.7  0.62  3.23  3.02 215 1013.9   6.2   4.7 999.0 99.0 99.00
